Final A values:
array([[ 1.08,  1.08,  1.08,  1.08,  1.04,  1.08,  1.08,  1.08,  1.08],
       [ 1.08,  1.19,  1.08,  1.08,  1.05,  1.08,  1.08,  1.08,  1.08],
       [ 1.4 ,  1.2 ,  1.16,  1.08,  1.02,  1.08,  1.08,  1.08,  1.  ],
       [ 1.31,  1.32,  1.31,  1.08,  1.  ,  1.12,  1.28,  1.08,  1.  ],
       [ 1.44,  1.34,  1.31,  1.08,  1.3 ,  1.08,  1.13,  1.08,  1.02]])
Final k values:
array([[ 0.09,  0.09,  0.02,  0.06,  0.16,  0.06,  0.02,  0.04,  0.06],
       [ 0.29,  0.27,  0.1 ,  0.12,  0.53,  0.12,  0.12,  0.07,  0.12],
       [ 0.95,  1.01,  0.26,  1.5 ,  1.46,  0.31,  0.31,  0.31,  0.4 ],
       [ 1.4 ,  1.2 ,  0.31,  0.75,  0.96,  0.31,  0.31,  0.4 ,  0.52],
       [ 1.96,  1.  ,  0.33,  1.5 ,  2.45,  0.36,  0.39,  0.42,  1.4 ]])
Final tR values:
array([[ 0.37,  0.37,  0.27,  0.58,  0.26,  0.22,  0.33,  0.33,  0.06],
       [ 0.54,  0.35,  0.51,  0.56,  0.37,  0.27,  0.43,  0.28,  0.14],
       [ 0.41,  0.66,  0.39,  0.83,  0.49,  0.42,  0.44,  0.42,  0.51],
       [ 0.61,  0.61,  0.26,  0.52,  0.28,  0.29,  0.12,  0.4 ,  0.52],
       [ 0.67,  0.49,  0.31,  0.67,  0.46,  0.36,  0.31,  0.42,  0.74]])
Final log-likelihood values:
array([-61.46, -40.19, -44.21, -64.53, -83.03, -48.19, -34.29, -34.68,
       -50.85])

Final PC values:
Sub01:
array([[ 0.5 ,  0.5 ,  0.52,  0.53,  0.54],
       [ 0.51,  0.53,  0.64,  0.68,  0.77],
       [ 0.52,  0.57,  0.77,  0.84,  0.93],
       [ 0.64,  0.85,  1.  ,  1.  ,  1.  ]])
Sub02:
array([[ 0.51,  0.52,  0.57,  0.59,  0.57],
       [ 0.53,  0.62,  0.85,  0.91,  0.88],
       [ 0.55,  0.67,  0.94,  0.97,  0.95],
       [ 0.64,  0.88,  1.  ,  1.  ,  1.  ]])
Sub04:
array([[ 0.5 ,  0.51,  0.53,  0.54,  0.54],
       [ 0.52,  0.6 ,  0.76,  0.82,  0.83],
       [ 0.55,  0.7 ,  0.92,  0.96,  0.97],
       [ 0.59,  0.83,  0.99,  1.  ,  1.  ]])
Sub05:
array([[ 0.5 ,  0.5 ,  0.54,  0.52,  0.54],
       [ 0.5 ,  0.51,  0.57,  0.54,  0.57],
       [ 0.56,  0.62,  1.  ,  0.95,  1.  ],
       [ 0.67,  0.79,  1.  ,  1.  ,  1.  ]])
Sub06:
array([[ 0.5 ,  0.51,  0.52,  0.51,  0.55],
       [ 0.51,  0.52,  0.55,  0.53,  0.61],
       [ 0.58,  0.74,  0.94,  0.86,  1.  ],
       [ 0.7 ,  0.94,  1.  ,  0.99,  1.  ]])
Sub08:
array([[ 0.51,  0.51,  0.54,  0.54,  0.54],
       [ 0.54,  0.57,  0.69,  0.69,  0.71],
       [ 0.59,  0.68,  0.88,  0.89,  0.91],
       [ 0.65,  0.78,  0.96,  0.97,  0.98]])
Sub10:
array([[ 0.5 ,  0.51,  0.52,  0.53,  0.53],
       [ 0.54,  0.67,  0.87,  0.9 ,  0.92],
       [ 0.55,  0.74,  0.94,  0.96,  0.97],
       [ 0.58,  0.82,  0.98,  0.99,  1.  ]])
Sub11:
array([[ 0.5 ,  0.51,  0.54,  0.55,  0.56],
       [ 0.55,  0.59,  0.83,  0.88,  0.89],
       [ 0.58,  0.66,  0.95,  0.98,  0.98],
       [ 0.59,  0.67,  0.96,  0.98,  0.99]])
Sub13:
array([[ 0.5 ,  0.5 ,  0.51,  0.51,  0.54],
       [ 0.5 ,  0.5 ,  0.51,  0.52,  0.55],
       [ 0.5 ,  0.51,  0.52,  0.52,  0.56],
       [ 0.67,  0.81,  0.99,  1.  ,  1.  ]])

Final RT values:
Sub01:
array([[ 1.54,  1.72,  2.36,  2.32,  2.73],
       [ 1.54,  1.71,  2.31,  2.24,  2.52],
       [ 1.54,  1.71,  2.16,  2.02,  2.06],
       [ 1.51,  1.48,  0.94,  0.95,  0.93]])
Sub02:
array([[ 1.54,  1.77,  2.09,  2.33,  2.27],
       [ 1.54,  1.75,  1.81,  1.84,  1.87],
       [ 1.54,  1.71,  1.58,  1.53,  1.57],
       [ 1.51,  1.43,  1.04,  0.96,  0.92]])
Sub04:
array([[ 1.45,  1.69,  1.74,  1.96,  2.01],
       [ 1.45,  1.67,  1.61,  1.7 ,  1.72],
       [ 1.45,  1.62,  1.32,  1.22,  1.23],
       [ 1.44,  1.5 ,  0.97,  0.81,  0.83]])
Sub05:
array([[ 1.76,  1.74,  2.01,  1.7 ,  1.84],
       [ 1.76,  1.74,  2.  ,  1.7 ,  1.84],
       [ 1.75,  1.72,  1.22,  1.23,  1.06],
       [ 1.71,  1.59,  0.97,  0.8 ,  0.8 ]])
Sub06:
array([[ 1.34,  1.47,  1.53,  1.29,  2.14],
       [ 1.34,  1.47,  1.52,  1.29,  2.12],
       [ 1.33,  1.38,  1.14,  1.08,  1.01],
       [ 1.28,  1.07,  0.76,  0.69,  0.67]])
Sub08:
array([[ 1.39,  1.44,  1.59,  1.54,  1.53],
       [ 1.39,  1.43,  1.54,  1.48,  1.46],
       [ 1.38,  1.39,  1.31,  1.23,  1.2 ],
       [ 1.36,  1.31,  1.08,  0.98,  0.96]])
Sub10:
array([[ 1.5 ,  1.61,  1.62,  1.75,  1.6 ],
       [ 1.5 ,  1.56,  1.36,  1.3 ,  1.19],
       [ 1.5 ,  1.51,  1.19,  1.04,  0.98],
       [ 1.49,  1.42,  1.  ,  0.78,  0.78]])
Sub11:
array([[ 1.51,  1.46,  1.59,  1.57,  1.6 ],
       [ 1.5 ,  1.45,  1.4 ,  1.3 ,  1.31],
       [ 1.49,  1.42,  1.14,  1.  ,  1.01],
       [ 1.49,  1.41,  1.09,  0.96,  0.96]])
Sub13:
array([[ 1.24,  1.32,  1.52,  1.53,  1.78],
       [ 1.24,  1.32,  1.52,  1.53,  1.78],
       [ 1.24,  1.32,  1.52,  1.53,  1.78],
       [ 1.19,  1.14,  0.95,  0.87,  0.87]])
