Final A values:
array([[ 1.07,  1.07,  1.07,  1.07,  1.07,  1.07,  1.07,  1.07,  1.07],
       [ 1.21,  1.33,  1.17,  1.17,  1.07,  1.07,  1.07,  1.07,  1.07],
       [ 1.5 ,  1.5 ,  1.33,  1.07,  1.07,  1.07,  1.07,  1.07,  1.07]])
Final k values:
array([[ 0.06,  0.07,  0.02,  0.06,  0.06,  0.05,  0.07,  0.02,  0.06],
       [ 0.21,  0.28,  0.11,  0.14,  0.26,  0.13,  0.21,  0.05,  0.11],
       [ 0.44,  0.78,  0.21,  0.51,  0.51,  0.38,  0.73,  0.22,  0.26]])
Final tR values:
array([[ 0.39,  0.47,  0.36,  0.55,  0.19,  0.25,  0.42,  0.36,  0.09],
       [ 0.33,  0.02,  0.38,  0.31,  0.42,  0.31,  0.42,  0.31,  0.16],
       [ 0.  ,  0.16,  0.08,  0.47,  0.31,  0.47,  0.47,  0.41,  0.36]])
Final log-likelihood values:
array([-39.61, -30.45, -31.84, -26.34, -22.35, -25.09, -23.46, -28.51,
       -25.43])

Final PC values:
Sub01:
array([[ 0.51,  0.53,  0.57],
       [ 0.52,  0.57,  0.68],
       [ 0.53,  0.63,  0.81],
       [ 0.6 ,  0.85,  0.99]])
Sub02:
array([[ 0.51,  0.53,  0.59],
       [ 0.54,  0.67,  0.9 ],
       [ 0.55,  0.72,  0.95],
       [ 0.58,  0.83,  0.99]])
Sub04:
array([[ 0.51,  0.54,  0.58],
       [ 0.53,  0.66,  0.82],
       [ 0.55,  0.75,  0.92],
       [ 0.58,  0.86,  0.98]])
Sub05:
array([[ 0.51,  0.52,  0.55],
       [ 0.54,  0.61,  0.81],
       [ 0.59,  0.72,  0.96],
       [ 0.62,  0.8 ,  0.99]])
Sub06:
array([[ 0.51,  0.53,  0.55],
       [ 0.55,  0.71,  0.85],
       [ 0.58,  0.82,  0.95],
       [ 0.63,  0.91,  0.99]])
Sub08:
array([[ 0.5 ,  0.51,  0.53],
       [ 0.55,  0.62,  0.81],
       [ 0.57,  0.66,  0.88],
       [ 0.62,  0.78,  0.97]])
Sub10:
array([[ 0.5 ,  0.51,  0.55],
       [ 0.54,  0.63,  0.86],
       [ 0.58,  0.71,  0.96],
       [ 0.59,  0.75,  0.98]])
Sub11:
array([[ 0.5 ,  0.51,  0.53],
       [ 0.54,  0.6 ,  0.85],
       [ 0.57,  0.67,  0.95],
       [ 0.57,  0.66,  0.94]])
Sub13:
array([[ 0.52,  0.54,  0.61],
       [ 0.52,  0.53,  0.58],
       [ 0.53,  0.56,  0.64],
       [ 0.69,  0.81,  0.97]])

Final RT values:
Sub01:
array([[ 1.54,  1.79,  2.24],
       [ 1.54,  1.78,  2.15],
       [ 1.54,  1.76,  1.93],
       [ 1.53,  1.51,  0.95]])
Sub02:
array([[ 1.62,  1.8 ,  2.38],
       [ 1.62,  1.73,  1.79],
       [ 1.62,  1.68,  1.53],
       [ 1.61,  1.5 ,  1.04]])
Sub04:
array([[ 1.52,  1.73,  1.84],
       [ 1.51,  1.69,  1.59],
       [ 1.51,  1.61,  1.29],
       [ 1.5 ,  1.46,  0.93]])
Sub05:
array([[ 1.7 ,  1.67,  1.62],
       [ 1.7 ,  1.65,  1.45],
       [ 1.69,  1.58,  1.13],
       [ 1.67,  1.5 ,  0.97]])
Sub06:
array([[ 1.34,  1.57,  1.46],
       [ 1.34,  1.5 ,  1.24],
       [ 1.33,  1.39,  1.01],
       [ 1.32,  1.22,  0.8 ]])
Sub08:
array([[ 1.4 ,  1.46,  1.62],
       [ 1.4 ,  1.44,  1.46],
       [ 1.39,  1.42,  1.36],
       [ 1.38,  1.33,  1.07]])
Sub10:
array([[ 1.57,  1.57,  1.62],
       [ 1.56,  1.55,  1.38],
       [ 1.56,  1.5 ,  1.14],
       [ 1.55,  1.47,  1.04]])
Sub11:
array([[ 1.52,  1.46,  1.56],
       [ 1.51,  1.45,  1.34],
       [ 1.51,  1.42,  1.11],
       [ 1.51,  1.42,  1.13]])
Sub13:
array([[ 1.24,  1.31,  1.5 ],
       [ 1.24,  1.31,  1.5 ],
       [ 1.24,  1.3 ,  1.49],
       [ 1.19,  1.14,  0.97]])
