Final A values:
array([[ 1.09,  1.08,  1.08,  1.08,  1.08,  1.08,  1.08,  1.09,  1.09],
       [ 1.09,  1.19,  1.08,  1.08,  1.08,  1.08,  1.08,  1.09,  1.09],
       [ 1.44,  1.2 ,  1.13,  1.08,  1.08,  1.08,  1.08,  1.09,  1.09],
       [ 1.44,  1.34,  1.44,  1.08,  1.31,  1.08,  1.13,  1.09,  1.09]])
Final k values:
array([[ 0.06,  0.09,  0.02,  0.06,  0.09,  0.06,  0.02,  0.05,  0.06],
       [ 0.31,  0.27,  0.12,  0.12,  0.5 ,  0.12,  0.12,  0.06,  0.13],
       [ 0.83,  1.01,  0.26,  1.5 ,  1.72,  0.31,  0.31,  0.31,  0.42],
       [ 2.  ,  1.  ,  0.31,  1.5 ,  2.59,  0.42,  0.39,  0.42,  0.9 ]])
Final tR values:
array([[ 0.33,  0.37,  0.27,  0.58,  0.15,  0.25,  0.33,  0.37,  0.05],
       [ 0.56,  0.35,  0.56,  0.56,  0.35,  0.27,  0.43,  0.27,  0.12],
       [ 0.33,  0.66,  0.41,  0.83,  0.51,  0.42,  0.44,  0.42,  0.5 ],
       [ 0.67,  0.49,  0.21,  0.67,  0.47,  0.4 ,  0.31,  0.44,  0.67]])
Final log-likelihood values:
array([-55.99, -39.6 , -40.68, -48.59, -63.32, -37.24, -30.41, -32.36,
       -54.28])

Final PC values:
Sub01:
array([[ 0.5 ,  0.51,  0.52,  0.54],
       [ 0.51,  0.54,  0.62,  0.77],
       [ 0.52,  0.58,  0.75,  0.93],
       [ 0.59,  0.87,  1.  ,  1.  ]])
Sub02:
array([[ 0.51,  0.52,  0.57,  0.57],
       [ 0.53,  0.62,  0.85,  0.88],
       [ 0.55,  0.67,  0.94,  0.95],
       [ 0.64,  0.88,  1.  ,  1.  ]])
Sub04:
array([[ 0.5 ,  0.51,  0.53,  0.54],
       [ 0.52,  0.62,  0.75,  0.84],
       [ 0.55,  0.74,  0.92,  0.97],
       [ 0.6 ,  0.87,  0.99,  1.  ]])
Sub05:
array([[ 0.5 ,  0.5 ,  0.54,  0.54],
       [ 0.5 ,  0.51,  0.57,  0.57],
       [ 0.56,  0.62,  1.  ,  1.  ],
       [ 0.67,  0.79,  1.  ,  1.  ]])
Sub06:
array([[ 0.5 ,  0.51,  0.53,  0.55],
       [ 0.5 ,  0.52,  0.57,  0.62],
       [ 0.55,  0.74,  0.97,  1.  ],
       [ 0.63,  0.94,  1.  ,  1.  ]])
Sub08:
array([[ 0.51,  0.51,  0.54,  0.55],
       [ 0.54,  0.57,  0.69,  0.74],
       [ 0.6 ,  0.68,  0.88,  0.94],
       [ 0.66,  0.77,  0.96,  0.99]])
Sub10:
array([[ 0.5 ,  0.51,  0.52,  0.53],
       [ 0.54,  0.67,  0.87,  0.92],
       [ 0.55,  0.74,  0.94,  0.97],
       [ 0.58,  0.82,  0.98,  1.  ]])
Sub11:
array([[ 0.51,  0.51,  0.54,  0.56],
       [ 0.56,  0.58,  0.83,  0.89],
       [ 0.61,  0.64,  0.95,  0.98],
       [ 0.62,  0.66,  0.96,  0.99]])
Sub13:
array([[ 0.5 ,  0.5 ,  0.51,  0.52],
       [ 0.5 ,  0.5 ,  0.52,  0.53],
       [ 0.5 ,  0.51,  0.52,  0.54],
       [ 0.68,  0.82,  0.99,  1.  ]])

Final RT values:
Sub01:
array([[ 1.51,  1.74,  2.4 ,  2.73],
       [ 1.51,  1.74,  2.36,  2.52],
       [ 1.51,  1.73,  2.22,  2.04],
       [ 1.5 ,  1.48,  0.95,  0.93]])
Sub02:
array([[ 1.54,  1.77,  2.09,  2.27],
       [ 1.54,  1.75,  1.81,  1.87],
       [ 1.54,  1.71,  1.58,  1.57],
       [ 1.51,  1.43,  1.04,  0.92]])
Sub04:
array([[ 1.45,  1.74,  1.7 ,  2.27],
       [ 1.45,  1.72,  1.58,  1.9 ],
       [ 1.44,  1.65,  1.31,  1.29],
       [ 1.43,  1.48,  0.98,  0.82]])
Sub05:
array([[ 1.76,  1.74,  2.01,  1.84],
       [ 1.76,  1.74,  2.  ,  1.84],
       [ 1.75,  1.72,  1.22,  1.06],
       [ 1.71,  1.59,  0.97,  0.8 ]])
Sub06:
array([[ 1.33,  1.52,  1.69,  2.17],
       [ 1.33,  1.52,  1.68,  2.15],
       [ 1.32,  1.43,  1.14,  1.  ],
       [ 1.3 ,  1.1 ,  0.76,  0.68]])
Sub08:
array([[ 1.43,  1.44,  1.59,  1.57],
       [ 1.42,  1.43,  1.54,  1.48],
       [ 1.41,  1.39,  1.31,  1.16],
       [ 1.39,  1.31,  1.08,  0.92]])
Sub10:
array([[ 1.5 ,  1.61,  1.62,  1.6 ],
       [ 1.5 ,  1.56,  1.36,  1.19],
       [ 1.5 ,  1.51,  1.19,  0.98],
       [ 1.49,  1.42,  1.  ,  0.78]])
Sub11:
array([[ 1.55,  1.45,  1.59,  1.61],
       [ 1.55,  1.44,  1.4 ,  1.32],
       [ 1.53,  1.42,  1.14,  1.02],
       [ 1.53,  1.41,  1.1 ,  0.97]])
Sub13:
array([[ 1.23,  1.3 ,  1.68,  1.84],
       [ 1.23,  1.3 ,  1.68,  1.84],
       [ 1.23,  1.3 ,  1.68,  1.84],
       [ 1.18,  1.12,  0.96,  0.89]])
