Final A values:
array([[ 1.08,  1.08,  1.09,  1.08,  1.09,  1.08,  1.08,  1.08,  1.09],
       [ 1.2 ,  1.26,  1.28,  1.13,  1.09,  1.08,  1.08,  1.08,  1.09],
       [ 1.44,  1.57,  1.44,  1.08,  1.09,  1.08,  1.08,  1.08,  1.09]])
Final k values:
array([[ 0.03,  0.03,  0.05,  0.05,  0.05,  0.06,  0.05,  0.03,  0.06],
       [ 0.16,  0.12,  0.13,  0.12,  0.17,  0.15,  0.12,  0.09,  0.17],
       [ 0.39,  0.31,  0.31,  0.42,  0.31,  0.36,  0.42,  0.42,  0.42]])
Final tR values:
array([[ 0.37,  0.46,  0.31,  0.49,  0.17,  0.21,  0.37,  0.33,  0.04],
       [ 0.33,  0.13,  0.17,  0.39,  0.33,  0.28,  0.4 ,  0.3 ,  0.17],
       [ 0.17,  0.09,  0.  ,  0.41,  0.25,  0.39,  0.46,  0.46,  0.37]])
Final log-likelihood values:
array([-41.07, -31.65, -34.14, -29.02, -25.53, -31.73, -25.63, -29.75,
       -30.04])

Final PC values:
Sub01:
array([[ 0.51,  0.53,  0.58],
       [ 0.51,  0.57,  0.7 ],
       [ 0.52,  0.63,  0.83],
       [ 0.58,  0.85,  0.99]])
Sub02:
array([[ 0.51,  0.52,  0.58],
       [ 0.54,  0.66,  0.91],
       [ 0.55,  0.71,  0.95],
       [ 0.59,  0.83,  0.99]])
Sub04:
array([[ 0.51,  0.53,  0.58],
       [ 0.55,  0.64,  0.84],
       [ 0.57,  0.72,  0.93],
       [ 0.61,  0.81,  0.98]])
Sub05:
array([[ 0.5 ,  0.51,  0.54],
       [ 0.53,  0.57,  0.71],
       [ 0.59,  0.73,  0.96],
       [ 0.62,  0.78,  0.99]])
Sub06:
array([[ 0.5 ,  0.52,  0.53],
       [ 0.56,  0.69,  0.82],
       [ 0.6 ,  0.81,  0.93],
       [ 0.64,  0.89,  0.98]])
Sub08:
array([[ 0.5 ,  0.51,  0.53],
       [ 0.53,  0.58,  0.68],
       [ 0.57,  0.68,  0.86],
       [ 0.62,  0.78,  0.96]])
Sub10:
array([[ 0.5 ,  0.51,  0.54],
       [ 0.56,  0.64,  0.88],
       [ 0.6 ,  0.72,  0.97],
       [ 0.61,  0.75,  0.98]])
Sub11:
array([[ 0.5 ,  0.51,  0.53],
       [ 0.54,  0.61,  0.89],
       [ 0.57,  0.69,  0.97],
       [ 0.56,  0.67,  0.96]])
Sub13:
array([[ 0.51,  0.53,  0.57],
       [ 0.51,  0.52,  0.56],
       [ 0.51,  0.54,  0.59],
       [ 0.65,  0.84,  0.98]])

Final RT values:
Sub01:
array([[ 1.55,  1.77,  2.22],
       [ 1.55,  1.77,  2.12],
       [ 1.55,  1.74,  1.88],
       [ 1.54,  1.49,  0.95]])
Sub02:
array([[ 1.64,  1.72,  2.53],
       [ 1.63,  1.66,  1.86],
       [ 1.63,  1.62,  1.57],
       [ 1.62,  1.45,  1.02]])
Sub04:
array([[ 1.49,  1.8 ,  2.05],
       [ 1.49,  1.76,  1.7 ],
       [ 1.48,  1.7 ,  1.37],
       [ 1.47,  1.57,  0.99]])
Sub05:
array([[ 1.67,  1.67,  1.59],
       [ 1.66,  1.66,  1.51],
       [ 1.65,  1.58,  1.08],
       [ 1.64,  1.53,  0.95]])
Sub06:
array([[ 1.34,  1.51,  1.43],
       [ 1.34,  1.45,  1.24],
       [ 1.33,  1.35,  1.02],
       [ 1.31,  1.22,  0.84]])
Sub08:
array([[ 1.39,  1.46,  1.57],
       [ 1.38,  1.45,  1.51],
       [ 1.38,  1.41,  1.33],
       [ 1.36,  1.32,  1.09]])
Sub10:
array([[ 1.55,  1.57,  1.63],
       [ 1.55,  1.54,  1.36],
       [ 1.54,  1.49,  1.11],
       [ 1.53,  1.47,  1.04]])
Sub11:
array([[ 1.51,  1.47,  1.63],
       [ 1.51,  1.45,  1.35],
       [ 1.5 ,  1.42,  1.09],
       [ 1.5 ,  1.43,  1.14]])
Sub13:
array([[ 1.22,  1.34,  1.54],
       [ 1.22,  1.34,  1.55],
       [ 1.22,  1.34,  1.54],
       [ 1.18,  1.13,  0.92]])
