Final A values:
array([[ 1.09,  1.08,  1.08,  1.08,  1.08,  1.08,  1.08,  1.09,  1.09],
       [ 1.09,  1.19,  1.08,  1.08,  1.08,  1.08,  1.08,  1.09,  1.09],
       [ 1.44,  1.2 ,  1.13,  1.08,  1.08,  1.08,  1.08,  1.09,  1.09],
       [ 1.44,  1.34,  1.44,  1.08,  1.31,  1.08,  1.13,  1.09,  1.09]])
Final k values:
array([[ 0.06,  0.09,  0.02,  0.06,  0.09,  0.06,  0.02,  0.05,  0.06],
       [ 0.31,  0.27,  0.12,  0.12,  0.5 ,  0.12,  0.12,  0.06,  0.13],
       [ 0.83,  1.01,  0.26,  1.5 ,  1.72,  0.31,  0.31,  0.31,  0.42],
       [ 2.  ,  1.  ,  0.31,  1.5 ,  2.59,  0.42,  0.39,  0.42,  0.9 ]])
Final tR values:
array([[ 0.33,  0.37,  0.27,  0.58,  0.15,  0.25,  0.33,  0.37,  0.05],
       [ 0.56,  0.35,  0.56,  0.56,  0.35,  0.27,  0.43,  0.27,  0.12],
       [ 0.33,  0.66,  0.41,  0.83,  0.51,  0.42,  0.44,  0.42,  0.5 ],
       [ 0.67,  0.49,  0.21,  0.67,  0.47,  0.4 ,  0.31,  0.44,  0.67]])
Final log-likelihood values:
array([-55.99, -39.6 , -40.68, -48.59, -63.32, -37.24, -30.41, -32.36,
       -54.28])

Final PC values:
Sub01:
array([[[ 0.5 ,  0.51,  0.5 ,  0.5 ,  0.5 ,  0.51,  0.5 ,  0.51,  0.5 ],
        [ 0.51,  0.52,  0.51,  0.5 ,  0.51,  0.51,  0.51,  0.51,  0.5 ],
        [ 0.52,  0.57,  0.53,  0.54,  0.53,  0.54,  0.52,  0.54,  0.51],
        [ 0.54,  0.57,  0.54,  0.54,  0.55,  0.55,  0.53,  0.56,  0.52]],

       [[ 0.51,  0.53,  0.52,  0.5 ,  0.5 ,  0.54,  0.54,  0.56,  0.5 ],
        [ 0.54,  0.62,  0.62,  0.51,  0.52,  0.57,  0.67,  0.58,  0.5 ],
        [ 0.62,  0.85,  0.75,  0.57,  0.57,  0.69,  0.87,  0.83,  0.52],
        [ 0.77,  0.88,  0.84,  0.57,  0.62,  0.74,  0.92,  0.89,  0.53]],

       [[ 0.52,  0.55,  0.55,  0.56,  0.55,  0.6 ,  0.55,  0.61,  0.5 ],
        [ 0.58,  0.67,  0.74,  0.62,  0.74,  0.68,  0.74,  0.64,  0.51],
        [ 0.75,  0.94,  0.92,  1.  ,  0.97,  0.88,  0.94,  0.95,  0.52],
        [ 0.93,  0.95,  0.97,  1.  ,  1.  ,  0.94,  0.97,  0.98,  0.54]],

       [[ 0.59,  0.64,  0.6 ,  0.67,  0.63,  0.66,  0.58,  0.62,  0.68],
        [ 0.87,  0.88,  0.87,  0.79,  0.94,  0.77,  0.82,  0.66,  0.82],
        [ 1.  ,  1.  ,  0.99,  1.  ,  1.  ,  0.96,  0.98,  0.96,  0.99],
        [ 1.  ,  1.  ,  1.  ,  1.  ,  1.  ,  0.99,  1.  ,  0.99,  1.  ]]])
Sub02:
array([[[ 0.5 ,  0.51,  0.5 ,  0.5 ,  0.5 ,  0.51,  0.5 ,  0.51,  0.5 ],
        [ 0.51,  0.52,  0.51,  0.5 ,  0.51,  0.51,  0.51,  0.51,  0.5 ],
        [ 0.52,  0.57,  0.53,  0.54,  0.53,  0.54,  0.52,  0.54,  0.51],
        [ 0.54,  0.57,  0.54,  0.54,  0.55,  0.55,  0.53,  0.56,  0.52]],

       [[ 0.51,  0.53,  0.52,  0.5 ,  0.5 ,  0.54,  0.54,  0.56,  0.5 ],
        [ 0.54,  0.62,  0.62,  0.51,  0.52,  0.57,  0.67,  0.58,  0.5 ],
        [ 0.62,  0.85,  0.75,  0.57,  0.57,  0.69,  0.87,  0.83,  0.52],
        [ 0.77,  0.88,  0.84,  0.57,  0.62,  0.74,  0.92,  0.89,  0.53]],

       [[ 0.52,  0.55,  0.55,  0.56,  0.55,  0.6 ,  0.55,  0.61,  0.5 ],
        [ 0.58,  0.67,  0.74,  0.62,  0.74,  0.68,  0.74,  0.64,  0.51],
        [ 0.75,  0.94,  0.92,  1.  ,  0.97,  0.88,  0.94,  0.95,  0.52],
        [ 0.93,  0.95,  0.97,  1.  ,  1.  ,  0.94,  0.97,  0.98,  0.54]],

       [[ 0.59,  0.64,  0.6 ,  0.67,  0.63,  0.66,  0.58,  0.62,  0.68],
        [ 0.87,  0.88,  0.87,  0.79,  0.94,  0.77,  0.82,  0.66,  0.82],
        [ 1.  ,  1.  ,  0.99,  1.  ,  1.  ,  0.96,  0.98,  0.96,  0.99],
        [ 1.  ,  1.  ,  1.  ,  1.  ,  1.  ,  0.99,  1.  ,  0.99,  1.  ]]])
Sub04:
array([[[ 0.5 ,  0.51,  0.5 ,  0.5 ,  0.5 ,  0.51,  0.5 ,  0.51,  0.5 ],
        [ 0.51,  0.52,  0.51,  0.5 ,  0.51,  0.51,  0.51,  0.51,  0.5 ],
        [ 0.52,  0.57,  0.53,  0.54,  0.53,  0.54,  0.52,  0.54,  0.51],
        [ 0.54,  0.57,  0.54,  0.54,  0.55,  0.55,  0.53,  0.56,  0.52]],

       [[ 0.51,  0.53,  0.52,  0.5 ,  0.5 ,  0.54,  0.54,  0.56,  0.5 ],
        [ 0.54,  0.62,  0.62,  0.51,  0.52,  0.57,  0.67,  0.58,  0.5 ],
        [ 0.62,  0.85,  0.75,  0.57,  0.57,  0.69,  0.87,  0.83,  0.52],
        [ 0.77,  0.88,  0.84,  0.57,  0.62,  0.74,  0.92,  0.89,  0.53]],

       [[ 0.52,  0.55,  0.55,  0.56,  0.55,  0.6 ,  0.55,  0.61,  0.5 ],
        [ 0.58,  0.67,  0.74,  0.62,  0.74,  0.68,  0.74,  0.64,  0.51],
        [ 0.75,  0.94,  0.92,  1.  ,  0.97,  0.88,  0.94,  0.95,  0.52],
        [ 0.93,  0.95,  0.97,  1.  ,  1.  ,  0.94,  0.97,  0.98,  0.54]],

       [[ 0.59,  0.64,  0.6 ,  0.67,  0.63,  0.66,  0.58,  0.62,  0.68],
        [ 0.87,  0.88,  0.87,  0.79,  0.94,  0.77,  0.82,  0.66,  0.82],
        [ 1.  ,  1.  ,  0.99,  1.  ,  1.  ,  0.96,  0.98,  0.96,  0.99],
        [ 1.  ,  1.  ,  1.  ,  1.  ,  1.  ,  0.99,  1.  ,  0.99,  1.  ]]])
Sub05:
array([[[ 0.5 ,  0.51,  0.5 ,  0.5 ,  0.5 ,  0.51,  0.5 ,  0.51,  0.5 ],
        [ 0.51,  0.52,  0.51,  0.5 ,  0.51,  0.51,  0.51,  0.51,  0.5 ],
        [ 0.52,  0.57,  0.53,  0.54,  0.53,  0.54,  0.52,  0.54,  0.51],
        [ 0.54,  0.57,  0.54,  0.54,  0.55,  0.55,  0.53,  0.56,  0.52]],

       [[ 0.51,  0.53,  0.52,  0.5 ,  0.5 ,  0.54,  0.54,  0.56,  0.5 ],
        [ 0.54,  0.62,  0.62,  0.51,  0.52,  0.57,  0.67,  0.58,  0.5 ],
        [ 0.62,  0.85,  0.75,  0.57,  0.57,  0.69,  0.87,  0.83,  0.52],
        [ 0.77,  0.88,  0.84,  0.57,  0.62,  0.74,  0.92,  0.89,  0.53]],

       [[ 0.52,  0.55,  0.55,  0.56,  0.55,  0.6 ,  0.55,  0.61,  0.5 ],
        [ 0.58,  0.67,  0.74,  0.62,  0.74,  0.68,  0.74,  0.64,  0.51],
        [ 0.75,  0.94,  0.92,  1.  ,  0.97,  0.88,  0.94,  0.95,  0.52],
        [ 0.93,  0.95,  0.97,  1.  ,  1.  ,  0.94,  0.97,  0.98,  0.54]],

       [[ 0.59,  0.64,  0.6 ,  0.67,  0.63,  0.66,  0.58,  0.62,  0.68],
        [ 0.87,  0.88,  0.87,  0.79,  0.94,  0.77,  0.82,  0.66,  0.82],
        [ 1.  ,  1.  ,  0.99,  1.  ,  1.  ,  0.96,  0.98,  0.96,  0.99],
        [ 1.  ,  1.  ,  1.  ,  1.  ,  1.  ,  0.99,  1.  ,  0.99,  1.  ]]])
Sub06:
array([[[ 0.5 ,  0.51,  0.5 ,  0.5 ,  0.5 ,  0.51,  0.5 ,  0.51,  0.5 ],
        [ 0.51,  0.52,  0.51,  0.5 ,  0.51,  0.51,  0.51,  0.51,  0.5 ],
        [ 0.52,  0.57,  0.53,  0.54,  0.53,  0.54,  0.52,  0.54,  0.51],
        [ 0.54,  0.57,  0.54,  0.54,  0.55,  0.55,  0.53,  0.56,  0.52]],

       [[ 0.51,  0.53,  0.52,  0.5 ,  0.5 ,  0.54,  0.54,  0.56,  0.5 ],
        [ 0.54,  0.62,  0.62,  0.51,  0.52,  0.57,  0.67,  0.58,  0.5 ],
        [ 0.62,  0.85,  0.75,  0.57,  0.57,  0.69,  0.87,  0.83,  0.52],
        [ 0.77,  0.88,  0.84,  0.57,  0.62,  0.74,  0.92,  0.89,  0.53]],

       [[ 0.52,  0.55,  0.55,  0.56,  0.55,  0.6 ,  0.55,  0.61,  0.5 ],
        [ 0.58,  0.67,  0.74,  0.62,  0.74,  0.68,  0.74,  0.64,  0.51],
        [ 0.75,  0.94,  0.92,  1.  ,  0.97,  0.88,  0.94,  0.95,  0.52],
        [ 0.93,  0.95,  0.97,  1.  ,  1.  ,  0.94,  0.97,  0.98,  0.54]],

       [[ 0.59,  0.64,  0.6 ,  0.67,  0.63,  0.66,  0.58,  0.62,  0.68],
        [ 0.87,  0.88,  0.87,  0.79,  0.94,  0.77,  0.82,  0.66,  0.82],
        [ 1.  ,  1.  ,  0.99,  1.  ,  1.  ,  0.96,  0.98,  0.96,  0.99],
        [ 1.  ,  1.  ,  1.  ,  1.  ,  1.  ,  0.99,  1.  ,  0.99,  1.  ]]])
Sub08:
array([[[ 0.5 ,  0.51,  0.5 ,  0.5 ,  0.5 ,  0.51,  0.5 ,  0.51,  0.5 ],
        [ 0.51,  0.52,  0.51,  0.5 ,  0.51,  0.51,  0.51,  0.51,  0.5 ],
        [ 0.52,  0.57,  0.53,  0.54,  0.53,  0.54,  0.52,  0.54,  0.51],
        [ 0.54,  0.57,  0.54,  0.54,  0.55,  0.55,  0.53,  0.56,  0.52]],

       [[ 0.51,  0.53,  0.52,  0.5 ,  0.5 ,  0.54,  0.54,  0.56,  0.5 ],
        [ 0.54,  0.62,  0.62,  0.51,  0.52,  0.57,  0.67,  0.58,  0.5 ],
        [ 0.62,  0.85,  0.75,  0.57,  0.57,  0.69,  0.87,  0.83,  0.52],
        [ 0.77,  0.88,  0.84,  0.57,  0.62,  0.74,  0.92,  0.89,  0.53]],

       [[ 0.52,  0.55,  0.55,  0.56,  0.55,  0.6 ,  0.55,  0.61,  0.5 ],
        [ 0.58,  0.67,  0.74,  0.62,  0.74,  0.68,  0.74,  0.64,  0.51],
        [ 0.75,  0.94,  0.92,  1.  ,  0.97,  0.88,  0.94,  0.95,  0.52],
        [ 0.93,  0.95,  0.97,  1.  ,  1.  ,  0.94,  0.97,  0.98,  0.54]],

       [[ 0.59,  0.64,  0.6 ,  0.67,  0.63,  0.66,  0.58,  0.62,  0.68],
        [ 0.87,  0.88,  0.87,  0.79,  0.94,  0.77,  0.82,  0.66,  0.82],
        [ 1.  ,  1.  ,  0.99,  1.  ,  1.  ,  0.96,  0.98,  0.96,  0.99],
        [ 1.  ,  1.  ,  1.  ,  1.  ,  1.  ,  0.99,  1.  ,  0.99,  1.  ]]])
Sub10:
array([[[ 0.5 ,  0.51,  0.5 ,  0.5 ,  0.5 ,  0.51,  0.5 ,  0.51,  0.5 ],
        [ 0.51,  0.52,  0.51,  0.5 ,  0.51,  0.51,  0.51,  0.51,  0.5 ],
        [ 0.52,  0.57,  0.53,  0.54,  0.53,  0.54,  0.52,  0.54,  0.51],
        [ 0.54,  0.57,  0.54,  0.54,  0.55,  0.55,  0.53,  0.56,  0.52]],

       [[ 0.51,  0.53,  0.52,  0.5 ,  0.5 ,  0.54,  0.54,  0.56,  0.5 ],
        [ 0.54,  0.62,  0.62,  0.51,  0.52,  0.57,  0.67,  0.58,  0.5 ],
        [ 0.62,  0.85,  0.75,  0.57,  0.57,  0.69,  0.87,  0.83,  0.52],
        [ 0.77,  0.88,  0.84,  0.57,  0.62,  0.74,  0.92,  0.89,  0.53]],

       [[ 0.52,  0.55,  0.55,  0.56,  0.55,  0.6 ,  0.55,  0.61,  0.5 ],
        [ 0.58,  0.67,  0.74,  0.62,  0.74,  0.68,  0.74,  0.64,  0.51],
        [ 0.75,  0.94,  0.92,  1.  ,  0.97,  0.88,  0.94,  0.95,  0.52],
        [ 0.93,  0.95,  0.97,  1.  ,  1.  ,  0.94,  0.97,  0.98,  0.54]],

       [[ 0.59,  0.64,  0.6 ,  0.67,  0.63,  0.66,  0.58,  0.62,  0.68],
        [ 0.87,  0.88,  0.87,  0.79,  0.94,  0.77,  0.82,  0.66,  0.82],
        [ 1.  ,  1.  ,  0.99,  1.  ,  1.  ,  0.96,  0.98,  0.96,  0.99],
        [ 1.  ,  1.  ,  1.  ,  1.  ,  1.  ,  0.99,  1.  ,  0.99,  1.  ]]])
Sub11:
array([[[ 0.5 ,  0.51,  0.5 ,  0.5 ,  0.5 ,  0.51,  0.5 ,  0.51,  0.5 ],
        [ 0.51,  0.52,  0.51,  0.5 ,  0.51,  0.51,  0.51,  0.51,  0.5 ],
        [ 0.52,  0.57,  0.53,  0.54,  0.53,  0.54,  0.52,  0.54,  0.51],
        [ 0.54,  0.57,  0.54,  0.54,  0.55,  0.55,  0.53,  0.56,  0.52]],

       [[ 0.51,  0.53,  0.52,  0.5 ,  0.5 ,  0.54,  0.54,  0.56,  0.5 ],
        [ 0.54,  0.62,  0.62,  0.51,  0.52,  0.57,  0.67,  0.58,  0.5 ],
        [ 0.62,  0.85,  0.75,  0.57,  0.57,  0.69,  0.87,  0.83,  0.52],
        [ 0.77,  0.88,  0.84,  0.57,  0.62,  0.74,  0.92,  0.89,  0.53]],

       [[ 0.52,  0.55,  0.55,  0.56,  0.55,  0.6 ,  0.55,  0.61,  0.5 ],
        [ 0.58,  0.67,  0.74,  0.62,  0.74,  0.68,  0.74,  0.64,  0.51],
        [ 0.75,  0.94,  0.92,  1.  ,  0.97,  0.88,  0.94,  0.95,  0.52],
        [ 0.93,  0.95,  0.97,  1.  ,  1.  ,  0.94,  0.97,  0.98,  0.54]],

       [[ 0.59,  0.64,  0.6 ,  0.67,  0.63,  0.66,  0.58,  0.62,  0.68],
        [ 0.87,  0.88,  0.87,  0.79,  0.94,  0.77,  0.82,  0.66,  0.82],
        [ 1.  ,  1.  ,  0.99,  1.  ,  1.  ,  0.96,  0.98,  0.96,  0.99],
        [ 1.  ,  1.  ,  1.  ,  1.  ,  1.  ,  0.99,  1.  ,  0.99,  1.  ]]])
Sub13:
array([[[ 0.5 ,  0.51,  0.5 ,  0.5 ,  0.5 ,  0.51,  0.5 ,  0.51,  0.5 ],
        [ 0.51,  0.52,  0.51,  0.5 ,  0.51,  0.51,  0.51,  0.51,  0.5 ],
        [ 0.52,  0.57,  0.53,  0.54,  0.53,  0.54,  0.52,  0.54,  0.51],
        [ 0.54,  0.57,  0.54,  0.54,  0.55,  0.55,  0.53,  0.56,  0.52]],

       [[ 0.51,  0.53,  0.52,  0.5 ,  0.5 ,  0.54,  0.54,  0.56,  0.5 ],
        [ 0.54,  0.62,  0.62,  0.51,  0.52,  0.57,  0.67,  0.58,  0.5 ],
        [ 0.62,  0.85,  0.75,  0.57,  0.57,  0.69,  0.87,  0.83,  0.52],
        [ 0.77,  0.88,  0.84,  0.57,  0.62,  0.74,  0.92,  0.89,  0.53]],

       [[ 0.52,  0.55,  0.55,  0.56,  0.55,  0.6 ,  0.55,  0.61,  0.5 ],
        [ 0.58,  0.67,  0.74,  0.62,  0.74,  0.68,  0.74,  0.64,  0.51],
        [ 0.75,  0.94,  0.92,  1.  ,  0.97,  0.88,  0.94,  0.95,  0.52],
        [ 0.93,  0.95,  0.97,  1.  ,  1.  ,  0.94,  0.97,  0.98,  0.54]],

       [[ 0.59,  0.64,  0.6 ,  0.67,  0.63,  0.66,  0.58,  0.62,  0.68],
        [ 0.87,  0.88,  0.87,  0.79,  0.94,  0.77,  0.82,  0.66,  0.82],
        [ 1.  ,  1.  ,  0.99,  1.  ,  1.  ,  0.96,  0.98,  0.96,  0.99],
        [ 1.  ,  1.  ,  1.  ,  1.  ,  1.  ,  0.99,  1.  ,  0.99,  1.  ]]])

Final RT values:
Sub01:
array([[[ 1.51,  1.54,  1.45,  1.76,  1.33,  1.43,  1.5 ,  1.55,  1.23],
        [ 1.74,  1.77,  1.74,  1.74,  1.52,  1.44,  1.61,  1.45,  1.3 ],
        [ 2.4 ,  2.09,  1.7 ,  2.01,  1.69,  1.59,  1.62,  1.59,  1.68],
        [ 2.73,  2.27,  2.27,  1.84,  2.17,  1.57,  1.6 ,  1.61,  1.84]],

       [[ 1.51,  1.54,  1.45,  1.76,  1.33,  1.42,  1.5 ,  1.55,  1.23],
        [ 1.74,  1.75,  1.72,  1.74,  1.52,  1.43,  1.56,  1.44,  1.3 ],
        [ 2.36,  1.81,  1.58,  2.  ,  1.68,  1.54,  1.36,  1.4 ,  1.68],
        [ 2.52,  1.87,  1.9 ,  1.84,  2.15,  1.48,  1.19,  1.32,  1.84]],

       [[ 1.51,  1.54,  1.44,  1.75,  1.32,  1.41,  1.5 ,  1.53,  1.23],
        [ 1.73,  1.71,  1.65,  1.72,  1.43,  1.39,  1.51,  1.42,  1.3 ],
        [ 2.22,  1.58,  1.31,  1.22,  1.14,  1.31,  1.19,  1.14,  1.68],
        [ 2.04,  1.57,  1.29,  1.06,  1.  ,  1.16,  0.98,  1.02,  1.84]],

       [[ 1.5 ,  1.51,  1.43,  1.71,  1.3 ,  1.39,  1.49,  1.53,  1.18],
        [ 1.48,  1.43,  1.48,  1.59,  1.1 ,  1.31,  1.42,  1.41,  1.12],
        [ 0.95,  1.04,  0.98,  0.97,  0.76,  1.08,  1.  ,  1.1 ,  0.96],
        [ 0.93,  0.92,  0.82,  0.8 ,  0.68,  0.92,  0.78,  0.97,  0.89]]])
Sub02:
array([[[ 1.51,  1.54,  1.45,  1.76,  1.33,  1.43,  1.5 ,  1.55,  1.23],
        [ 1.74,  1.77,  1.74,  1.74,  1.52,  1.44,  1.61,  1.45,  1.3 ],
        [ 2.4 ,  2.09,  1.7 ,  2.01,  1.69,  1.59,  1.62,  1.59,  1.68],
        [ 2.73,  2.27,  2.27,  1.84,  2.17,  1.57,  1.6 ,  1.61,  1.84]],

       [[ 1.51,  1.54,  1.45,  1.76,  1.33,  1.42,  1.5 ,  1.55,  1.23],
        [ 1.74,  1.75,  1.72,  1.74,  1.52,  1.43,  1.56,  1.44,  1.3 ],
        [ 2.36,  1.81,  1.58,  2.  ,  1.68,  1.54,  1.36,  1.4 ,  1.68],
        [ 2.52,  1.87,  1.9 ,  1.84,  2.15,  1.48,  1.19,  1.32,  1.84]],

       [[ 1.51,  1.54,  1.44,  1.75,  1.32,  1.41,  1.5 ,  1.53,  1.23],
        [ 1.73,  1.71,  1.65,  1.72,  1.43,  1.39,  1.51,  1.42,  1.3 ],
        [ 2.22,  1.58,  1.31,  1.22,  1.14,  1.31,  1.19,  1.14,  1.68],
        [ 2.04,  1.57,  1.29,  1.06,  1.  ,  1.16,  0.98,  1.02,  1.84]],

       [[ 1.5 ,  1.51,  1.43,  1.71,  1.3 ,  1.39,  1.49,  1.53,  1.18],
        [ 1.48,  1.43,  1.48,  1.59,  1.1 ,  1.31,  1.42,  1.41,  1.12],
        [ 0.95,  1.04,  0.98,  0.97,  0.76,  1.08,  1.  ,  1.1 ,  0.96],
        [ 0.93,  0.92,  0.82,  0.8 ,  0.68,  0.92,  0.78,  0.97,  0.89]]])
Sub04:
array([[[ 1.51,  1.54,  1.45,  1.76,  1.33,  1.43,  1.5 ,  1.55,  1.23],
        [ 1.74,  1.77,  1.74,  1.74,  1.52,  1.44,  1.61,  1.45,  1.3 ],
        [ 2.4 ,  2.09,  1.7 ,  2.01,  1.69,  1.59,  1.62,  1.59,  1.68],
        [ 2.73,  2.27,  2.27,  1.84,  2.17,  1.57,  1.6 ,  1.61,  1.84]],

       [[ 1.51,  1.54,  1.45,  1.76,  1.33,  1.42,  1.5 ,  1.55,  1.23],
        [ 1.74,  1.75,  1.72,  1.74,  1.52,  1.43,  1.56,  1.44,  1.3 ],
        [ 2.36,  1.81,  1.58,  2.  ,  1.68,  1.54,  1.36,  1.4 ,  1.68],
        [ 2.52,  1.87,  1.9 ,  1.84,  2.15,  1.48,  1.19,  1.32,  1.84]],

       [[ 1.51,  1.54,  1.44,  1.75,  1.32,  1.41,  1.5 ,  1.53,  1.23],
        [ 1.73,  1.71,  1.65,  1.72,  1.43,  1.39,  1.51,  1.42,  1.3 ],
        [ 2.22,  1.58,  1.31,  1.22,  1.14,  1.31,  1.19,  1.14,  1.68],
        [ 2.04,  1.57,  1.29,  1.06,  1.  ,  1.16,  0.98,  1.02,  1.84]],

       [[ 1.5 ,  1.51,  1.43,  1.71,  1.3 ,  1.39,  1.49,  1.53,  1.18],
        [ 1.48,  1.43,  1.48,  1.59,  1.1 ,  1.31,  1.42,  1.41,  1.12],
        [ 0.95,  1.04,  0.98,  0.97,  0.76,  1.08,  1.  ,  1.1 ,  0.96],
        [ 0.93,  0.92,  0.82,  0.8 ,  0.68,  0.92,  0.78,  0.97,  0.89]]])
Sub05:
array([[[ 1.51,  1.54,  1.45,  1.76,  1.33,  1.43,  1.5 ,  1.55,  1.23],
        [ 1.74,  1.77,  1.74,  1.74,  1.52,  1.44,  1.61,  1.45,  1.3 ],
        [ 2.4 ,  2.09,  1.7 ,  2.01,  1.69,  1.59,  1.62,  1.59,  1.68],
        [ 2.73,  2.27,  2.27,  1.84,  2.17,  1.57,  1.6 ,  1.61,  1.84]],

       [[ 1.51,  1.54,  1.45,  1.76,  1.33,  1.42,  1.5 ,  1.55,  1.23],
        [ 1.74,  1.75,  1.72,  1.74,  1.52,  1.43,  1.56,  1.44,  1.3 ],
        [ 2.36,  1.81,  1.58,  2.  ,  1.68,  1.54,  1.36,  1.4 ,  1.68],
        [ 2.52,  1.87,  1.9 ,  1.84,  2.15,  1.48,  1.19,  1.32,  1.84]],

       [[ 1.51,  1.54,  1.44,  1.75,  1.32,  1.41,  1.5 ,  1.53,  1.23],
        [ 1.73,  1.71,  1.65,  1.72,  1.43,  1.39,  1.51,  1.42,  1.3 ],
        [ 2.22,  1.58,  1.31,  1.22,  1.14,  1.31,  1.19,  1.14,  1.68],
        [ 2.04,  1.57,  1.29,  1.06,  1.  ,  1.16,  0.98,  1.02,  1.84]],

       [[ 1.5 ,  1.51,  1.43,  1.71,  1.3 ,  1.39,  1.49,  1.53,  1.18],
        [ 1.48,  1.43,  1.48,  1.59,  1.1 ,  1.31,  1.42,  1.41,  1.12],
        [ 0.95,  1.04,  0.98,  0.97,  0.76,  1.08,  1.  ,  1.1 ,  0.96],
        [ 0.93,  0.92,  0.82,  0.8 ,  0.68,  0.92,  0.78,  0.97,  0.89]]])
Sub06:
array([[[ 1.51,  1.54,  1.45,  1.76,  1.33,  1.43,  1.5 ,  1.55,  1.23],
        [ 1.74,  1.77,  1.74,  1.74,  1.52,  1.44,  1.61,  1.45,  1.3 ],
        [ 2.4 ,  2.09,  1.7 ,  2.01,  1.69,  1.59,  1.62,  1.59,  1.68],
        [ 2.73,  2.27,  2.27,  1.84,  2.17,  1.57,  1.6 ,  1.61,  1.84]],

       [[ 1.51,  1.54,  1.45,  1.76,  1.33,  1.42,  1.5 ,  1.55,  1.23],
        [ 1.74,  1.75,  1.72,  1.74,  1.52,  1.43,  1.56,  1.44,  1.3 ],
        [ 2.36,  1.81,  1.58,  2.  ,  1.68,  1.54,  1.36,  1.4 ,  1.68],
        [ 2.52,  1.87,  1.9 ,  1.84,  2.15,  1.48,  1.19,  1.32,  1.84]],

       [[ 1.51,  1.54,  1.44,  1.75,  1.32,  1.41,  1.5 ,  1.53,  1.23],
        [ 1.73,  1.71,  1.65,  1.72,  1.43,  1.39,  1.51,  1.42,  1.3 ],
        [ 2.22,  1.58,  1.31,  1.22,  1.14,  1.31,  1.19,  1.14,  1.68],
        [ 2.04,  1.57,  1.29,  1.06,  1.  ,  1.16,  0.98,  1.02,  1.84]],

       [[ 1.5 ,  1.51,  1.43,  1.71,  1.3 ,  1.39,  1.49,  1.53,  1.18],
        [ 1.48,  1.43,  1.48,  1.59,  1.1 ,  1.31,  1.42,  1.41,  1.12],
        [ 0.95,  1.04,  0.98,  0.97,  0.76,  1.08,  1.  ,  1.1 ,  0.96],
        [ 0.93,  0.92,  0.82,  0.8 ,  0.68,  0.92,  0.78,  0.97,  0.89]]])
Sub08:
array([[[ 1.51,  1.54,  1.45,  1.76,  1.33,  1.43,  1.5 ,  1.55,  1.23],
        [ 1.74,  1.77,  1.74,  1.74,  1.52,  1.44,  1.61,  1.45,  1.3 ],
        [ 2.4 ,  2.09,  1.7 ,  2.01,  1.69,  1.59,  1.62,  1.59,  1.68],
        [ 2.73,  2.27,  2.27,  1.84,  2.17,  1.57,  1.6 ,  1.61,  1.84]],

       [[ 1.51,  1.54,  1.45,  1.76,  1.33,  1.42,  1.5 ,  1.55,  1.23],
        [ 1.74,  1.75,  1.72,  1.74,  1.52,  1.43,  1.56,  1.44,  1.3 ],
        [ 2.36,  1.81,  1.58,  2.  ,  1.68,  1.54,  1.36,  1.4 ,  1.68],
        [ 2.52,  1.87,  1.9 ,  1.84,  2.15,  1.48,  1.19,  1.32,  1.84]],

       [[ 1.51,  1.54,  1.44,  1.75,  1.32,  1.41,  1.5 ,  1.53,  1.23],
        [ 1.73,  1.71,  1.65,  1.72,  1.43,  1.39,  1.51,  1.42,  1.3 ],
        [ 2.22,  1.58,  1.31,  1.22,  1.14,  1.31,  1.19,  1.14,  1.68],
        [ 2.04,  1.57,  1.29,  1.06,  1.  ,  1.16,  0.98,  1.02,  1.84]],

       [[ 1.5 ,  1.51,  1.43,  1.71,  1.3 ,  1.39,  1.49,  1.53,  1.18],
        [ 1.48,  1.43,  1.48,  1.59,  1.1 ,  1.31,  1.42,  1.41,  1.12],
        [ 0.95,  1.04,  0.98,  0.97,  0.76,  1.08,  1.  ,  1.1 ,  0.96],
        [ 0.93,  0.92,  0.82,  0.8 ,  0.68,  0.92,  0.78,  0.97,  0.89]]])
Sub10:
array([[[ 1.51,  1.54,  1.45,  1.76,  1.33,  1.43,  1.5 ,  1.55,  1.23],
        [ 1.74,  1.77,  1.74,  1.74,  1.52,  1.44,  1.61,  1.45,  1.3 ],
        [ 2.4 ,  2.09,  1.7 ,  2.01,  1.69,  1.59,  1.62,  1.59,  1.68],
        [ 2.73,  2.27,  2.27,  1.84,  2.17,  1.57,  1.6 ,  1.61,  1.84]],

       [[ 1.51,  1.54,  1.45,  1.76,  1.33,  1.42,  1.5 ,  1.55,  1.23],
        [ 1.74,  1.75,  1.72,  1.74,  1.52,  1.43,  1.56,  1.44,  1.3 ],
        [ 2.36,  1.81,  1.58,  2.  ,  1.68,  1.54,  1.36,  1.4 ,  1.68],
        [ 2.52,  1.87,  1.9 ,  1.84,  2.15,  1.48,  1.19,  1.32,  1.84]],

       [[ 1.51,  1.54,  1.44,  1.75,  1.32,  1.41,  1.5 ,  1.53,  1.23],
        [ 1.73,  1.71,  1.65,  1.72,  1.43,  1.39,  1.51,  1.42,  1.3 ],
        [ 2.22,  1.58,  1.31,  1.22,  1.14,  1.31,  1.19,  1.14,  1.68],
        [ 2.04,  1.57,  1.29,  1.06,  1.  ,  1.16,  0.98,  1.02,  1.84]],

       [[ 1.5 ,  1.51,  1.43,  1.71,  1.3 ,  1.39,  1.49,  1.53,  1.18],
        [ 1.48,  1.43,  1.48,  1.59,  1.1 ,  1.31,  1.42,  1.41,  1.12],
        [ 0.95,  1.04,  0.98,  0.97,  0.76,  1.08,  1.  ,  1.1 ,  0.96],
        [ 0.93,  0.92,  0.82,  0.8 ,  0.68,  0.92,  0.78,  0.97,  0.89]]])
Sub11:
array([[[ 1.51,  1.54,  1.45,  1.76,  1.33,  1.43,  1.5 ,  1.55,  1.23],
        [ 1.74,  1.77,  1.74,  1.74,  1.52,  1.44,  1.61,  1.45,  1.3 ],
        [ 2.4 ,  2.09,  1.7 ,  2.01,  1.69,  1.59,  1.62,  1.59,  1.68],
        [ 2.73,  2.27,  2.27,  1.84,  2.17,  1.57,  1.6 ,  1.61,  1.84]],

       [[ 1.51,  1.54,  1.45,  1.76,  1.33,  1.42,  1.5 ,  1.55,  1.23],
        [ 1.74,  1.75,  1.72,  1.74,  1.52,  1.43,  1.56,  1.44,  1.3 ],
        [ 2.36,  1.81,  1.58,  2.  ,  1.68,  1.54,  1.36,  1.4 ,  1.68],
        [ 2.52,  1.87,  1.9 ,  1.84,  2.15,  1.48,  1.19,  1.32,  1.84]],

       [[ 1.51,  1.54,  1.44,  1.75,  1.32,  1.41,  1.5 ,  1.53,  1.23],
        [ 1.73,  1.71,  1.65,  1.72,  1.43,  1.39,  1.51,  1.42,  1.3 ],
        [ 2.22,  1.58,  1.31,  1.22,  1.14,  1.31,  1.19,  1.14,  1.68],
        [ 2.04,  1.57,  1.29,  1.06,  1.  ,  1.16,  0.98,  1.02,  1.84]],

       [[ 1.5 ,  1.51,  1.43,  1.71,  1.3 ,  1.39,  1.49,  1.53,  1.18],
        [ 1.48,  1.43,  1.48,  1.59,  1.1 ,  1.31,  1.42,  1.41,  1.12],
        [ 0.95,  1.04,  0.98,  0.97,  0.76,  1.08,  1.  ,  1.1 ,  0.96],
        [ 0.93,  0.92,  0.82,  0.8 ,  0.68,  0.92,  0.78,  0.97,  0.89]]])
Sub13:
array([[[ 1.51,  1.54,  1.45,  1.76,  1.33,  1.43,  1.5 ,  1.55,  1.23],
        [ 1.74,  1.77,  1.74,  1.74,  1.52,  1.44,  1.61,  1.45,  1.3 ],
        [ 2.4 ,  2.09,  1.7 ,  2.01,  1.69,  1.59,  1.62,  1.59,  1.68],
        [ 2.73,  2.27,  2.27,  1.84,  2.17,  1.57,  1.6 ,  1.61,  1.84]],

       [[ 1.51,  1.54,  1.45,  1.76,  1.33,  1.42,  1.5 ,  1.55,  1.23],
        [ 1.74,  1.75,  1.72,  1.74,  1.52,  1.43,  1.56,  1.44,  1.3 ],
        [ 2.36,  1.81,  1.58,  2.  ,  1.68,  1.54,  1.36,  1.4 ,  1.68],
        [ 2.52,  1.87,  1.9 ,  1.84,  2.15,  1.48,  1.19,  1.32,  1.84]],

       [[ 1.51,  1.54,  1.44,  1.75,  1.32,  1.41,  1.5 ,  1.53,  1.23],
        [ 1.73,  1.71,  1.65,  1.72,  1.43,  1.39,  1.51,  1.42,  1.3 ],
        [ 2.22,  1.58,  1.31,  1.22,  1.14,  1.31,  1.19,  1.14,  1.68],
        [ 2.04,  1.57,  1.29,  1.06,  1.  ,  1.16,  0.98,  1.02,  1.84]],

       [[ 1.5 ,  1.51,  1.43,  1.71,  1.3 ,  1.39,  1.49,  1.53,  1.18],
        [ 1.48,  1.43,  1.48,  1.59,  1.1 ,  1.31,  1.42,  1.41,  1.12],
        [ 0.95,  1.04,  0.98,  0.97,  0.76,  1.08,  1.  ,  1.1 ,  0.96],
        [ 0.93,  0.92,  0.82,  0.8 ,  0.68,  0.92,  0.78,  0.97,  0.89]]])
