Final A values:
array([[ 1.08,  1.08,  1.08,  1.08,  1.09,  1.08,  1.08,  1.09,  1.08],
       [ 1.13,  1.2 ,  1.13,  1.12,  1.09,  1.08,  1.08,  1.09,  1.08],
       [ 1.44,  1.26,  1.28,  1.08,  1.09,  1.08,  1.08,  1.09,  1.08],
       [ 1.44,  1.44,  1.44,  1.08,  1.09,  1.08,  1.28,  1.09,  1.08]])
Final k values:
array([[ 0.06,  0.06,  0.02,  0.09,  0.05,  0.06,  0.02,  0.05,  0.06],
       [ 0.16,  0.16,  0.12,  0.21,  0.17,  0.12,  0.12,  0.06,  0.16],
       [ 0.5 ,  0.63,  0.31,  0.75,  0.31,  0.31,  0.31,  0.31,  0.34],
       [ 0.63,  0.63,  0.31,  0.8 ,  0.31,  0.42,  0.31,  0.38,  0.41]])
Final tR values:
array([[ 0.35,  0.42,  0.31,  0.51,  0.17,  0.2 ,  0.37,  0.37,  0.08],
       [ 0.39,  0.26,  0.35,  0.43,  0.35,  0.27,  0.41,  0.27,  0.19],
       [ 0.32,  0.61,  0.23,  0.41,  0.25,  0.4 ,  0.44,  0.44,  0.36],
       [ 0.42,  0.42,  0.  ,  0.32,  0.21,  0.37,  0.08,  0.38,  0.37]])
Final log-likelihood values:
array([-55.08, -36.8 , -38.87, -35.18, -31.78, -35.9 , -28.01, -35.34,
       -37.58])

Final PC values:
Sub01:
array([[[ 0.5 ,  0.51,  0.5 ,  0.5 ,  0.5 ,  0.5 ,  0.5 ,  0.5 ,  0.51],
        [ 0.5 ,  0.51,  0.52,  0.51,  0.51,  0.51,  0.51,  0.5 ,  0.51],
        [ 0.52,  0.56,  0.55,  0.53,  0.52,  0.52,  0.54,  0.52,  0.53],
        [ 0.52,  0.57,  0.56,  0.53,  0.52,  0.53,  0.55,  0.53,  0.54]],

       [[ 0.51,  0.55,  0.52,  0.53,  0.57,  0.54,  0.54,  0.57,  0.51],
        [ 0.53,  0.62,  0.61,  0.56,  0.72,  0.58,  0.67,  0.59,  0.53],
        [ 0.62,  0.89,  0.8 ,  0.71,  0.85,  0.7 ,  0.86,  0.86,  0.58],
        [ 0.65,  0.92,  0.83,  0.72,  0.85,  0.76,  0.9 ,  0.9 ,  0.59]],

       [[ 0.53,  0.56,  0.55,  0.58,  0.59,  0.58,  0.55,  0.61,  0.51],
        [ 0.59,  0.67,  0.72,  0.68,  0.79,  0.64,  0.74,  0.64,  0.53],
        [ 0.81,  0.95,  0.94,  0.93,  0.92,  0.83,  0.94,  0.94,  0.57],
        [ 0.86,  0.97,  0.96,  0.95,  0.92,  0.89,  0.96,  0.97,  0.58]],

       [[ 0.65,  0.64,  0.57,  0.64,  0.65,  0.66,  0.58,  0.62,  0.67],
        [ 0.83,  0.84,  0.81,  0.79,  0.89,  0.77,  0.81,  0.66,  0.85],
        [ 1.  ,  1.  ,  0.99,  0.99,  0.98,  0.96,  0.98,  0.96,  0.98],
        [ 1.  ,  1.  ,  0.99,  0.99,  0.98,  0.99,  0.99,  0.98,  0.99]]])
Sub02:
array([[[ 0.5 ,  0.51,  0.5 ,  0.5 ,  0.5 ,  0.5 ,  0.5 ,  0.5 ,  0.51],
        [ 0.5 ,  0.51,  0.52,  0.51,  0.51,  0.51,  0.51,  0.5 ,  0.51],
        [ 0.52,  0.56,  0.55,  0.53,  0.52,  0.52,  0.54,  0.52,  0.53],
        [ 0.52,  0.57,  0.56,  0.53,  0.52,  0.53,  0.55,  0.53,  0.54]],

       [[ 0.51,  0.55,  0.52,  0.53,  0.57,  0.54,  0.54,  0.57,  0.51],
        [ 0.53,  0.62,  0.61,  0.56,  0.72,  0.58,  0.67,  0.59,  0.53],
        [ 0.62,  0.89,  0.8 ,  0.71,  0.85,  0.7 ,  0.86,  0.86,  0.58],
        [ 0.65,  0.92,  0.83,  0.72,  0.85,  0.76,  0.9 ,  0.9 ,  0.59]],

       [[ 0.53,  0.56,  0.55,  0.58,  0.59,  0.58,  0.55,  0.61,  0.51],
        [ 0.59,  0.67,  0.72,  0.68,  0.79,  0.64,  0.74,  0.64,  0.53],
        [ 0.81,  0.95,  0.94,  0.93,  0.92,  0.83,  0.94,  0.94,  0.57],
        [ 0.86,  0.97,  0.96,  0.95,  0.92,  0.89,  0.96,  0.97,  0.58]],

       [[ 0.65,  0.64,  0.57,  0.64,  0.65,  0.66,  0.58,  0.62,  0.67],
        [ 0.83,  0.84,  0.81,  0.79,  0.89,  0.77,  0.81,  0.66,  0.85],
        [ 1.  ,  1.  ,  0.99,  0.99,  0.98,  0.96,  0.98,  0.96,  0.98],
        [ 1.  ,  1.  ,  0.99,  0.99,  0.98,  0.99,  0.99,  0.98,  0.99]]])
Sub04:
array([[[ 0.5 ,  0.51,  0.5 ,  0.5 ,  0.5 ,  0.5 ,  0.5 ,  0.5 ,  0.51],
        [ 0.5 ,  0.51,  0.52,  0.51,  0.51,  0.51,  0.51,  0.5 ,  0.51],
        [ 0.52,  0.56,  0.55,  0.53,  0.52,  0.52,  0.54,  0.52,  0.53],
        [ 0.52,  0.57,  0.56,  0.53,  0.52,  0.53,  0.55,  0.53,  0.54]],

       [[ 0.51,  0.55,  0.52,  0.53,  0.57,  0.54,  0.54,  0.57,  0.51],
        [ 0.53,  0.62,  0.61,  0.56,  0.72,  0.58,  0.67,  0.59,  0.53],
        [ 0.62,  0.89,  0.8 ,  0.71,  0.85,  0.7 ,  0.86,  0.86,  0.58],
        [ 0.65,  0.92,  0.83,  0.72,  0.85,  0.76,  0.9 ,  0.9 ,  0.59]],

       [[ 0.53,  0.56,  0.55,  0.58,  0.59,  0.58,  0.55,  0.61,  0.51],
        [ 0.59,  0.67,  0.72,  0.68,  0.79,  0.64,  0.74,  0.64,  0.53],
        [ 0.81,  0.95,  0.94,  0.93,  0.92,  0.83,  0.94,  0.94,  0.57],
        [ 0.86,  0.97,  0.96,  0.95,  0.92,  0.89,  0.96,  0.97,  0.58]],

       [[ 0.65,  0.64,  0.57,  0.64,  0.65,  0.66,  0.58,  0.62,  0.67],
        [ 0.83,  0.84,  0.81,  0.79,  0.89,  0.77,  0.81,  0.66,  0.85],
        [ 1.  ,  1.  ,  0.99,  0.99,  0.98,  0.96,  0.98,  0.96,  0.98],
        [ 1.  ,  1.  ,  0.99,  0.99,  0.98,  0.99,  0.99,  0.98,  0.99]]])
Sub05:
array([[[ 0.5 ,  0.51,  0.5 ,  0.5 ,  0.5 ,  0.5 ,  0.5 ,  0.5 ,  0.51],
        [ 0.5 ,  0.51,  0.52,  0.51,  0.51,  0.51,  0.51,  0.5 ,  0.51],
        [ 0.52,  0.56,  0.55,  0.53,  0.52,  0.52,  0.54,  0.52,  0.53],
        [ 0.52,  0.57,  0.56,  0.53,  0.52,  0.53,  0.55,  0.53,  0.54]],

       [[ 0.51,  0.55,  0.52,  0.53,  0.57,  0.54,  0.54,  0.57,  0.51],
        [ 0.53,  0.62,  0.61,  0.56,  0.72,  0.58,  0.67,  0.59,  0.53],
        [ 0.62,  0.89,  0.8 ,  0.71,  0.85,  0.7 ,  0.86,  0.86,  0.58],
        [ 0.65,  0.92,  0.83,  0.72,  0.85,  0.76,  0.9 ,  0.9 ,  0.59]],

       [[ 0.53,  0.56,  0.55,  0.58,  0.59,  0.58,  0.55,  0.61,  0.51],
        [ 0.59,  0.67,  0.72,  0.68,  0.79,  0.64,  0.74,  0.64,  0.53],
        [ 0.81,  0.95,  0.94,  0.93,  0.92,  0.83,  0.94,  0.94,  0.57],
        [ 0.86,  0.97,  0.96,  0.95,  0.92,  0.89,  0.96,  0.97,  0.58]],

       [[ 0.65,  0.64,  0.57,  0.64,  0.65,  0.66,  0.58,  0.62,  0.67],
        [ 0.83,  0.84,  0.81,  0.79,  0.89,  0.77,  0.81,  0.66,  0.85],
        [ 1.  ,  1.  ,  0.99,  0.99,  0.98,  0.96,  0.98,  0.96,  0.98],
        [ 1.  ,  1.  ,  0.99,  0.99,  0.98,  0.99,  0.99,  0.98,  0.99]]])
Sub06:
array([[[ 0.5 ,  0.51,  0.5 ,  0.5 ,  0.5 ,  0.5 ,  0.5 ,  0.5 ,  0.51],
        [ 0.5 ,  0.51,  0.52,  0.51,  0.51,  0.51,  0.51,  0.5 ,  0.51],
        [ 0.52,  0.56,  0.55,  0.53,  0.52,  0.52,  0.54,  0.52,  0.53],
        [ 0.52,  0.57,  0.56,  0.53,  0.52,  0.53,  0.55,  0.53,  0.54]],

       [[ 0.51,  0.55,  0.52,  0.53,  0.57,  0.54,  0.54,  0.57,  0.51],
        [ 0.53,  0.62,  0.61,  0.56,  0.72,  0.58,  0.67,  0.59,  0.53],
        [ 0.62,  0.89,  0.8 ,  0.71,  0.85,  0.7 ,  0.86,  0.86,  0.58],
        [ 0.65,  0.92,  0.83,  0.72,  0.85,  0.76,  0.9 ,  0.9 ,  0.59]],

       [[ 0.53,  0.56,  0.55,  0.58,  0.59,  0.58,  0.55,  0.61,  0.51],
        [ 0.59,  0.67,  0.72,  0.68,  0.79,  0.64,  0.74,  0.64,  0.53],
        [ 0.81,  0.95,  0.94,  0.93,  0.92,  0.83,  0.94,  0.94,  0.57],
        [ 0.86,  0.97,  0.96,  0.95,  0.92,  0.89,  0.96,  0.97,  0.58]],

       [[ 0.65,  0.64,  0.57,  0.64,  0.65,  0.66,  0.58,  0.62,  0.67],
        [ 0.83,  0.84,  0.81,  0.79,  0.89,  0.77,  0.81,  0.66,  0.85],
        [ 1.  ,  1.  ,  0.99,  0.99,  0.98,  0.96,  0.98,  0.96,  0.98],
        [ 1.  ,  1.  ,  0.99,  0.99,  0.98,  0.99,  0.99,  0.98,  0.99]]])
Sub08:
array([[[ 0.5 ,  0.51,  0.5 ,  0.5 ,  0.5 ,  0.5 ,  0.5 ,  0.5 ,  0.51],
        [ 0.5 ,  0.51,  0.52,  0.51,  0.51,  0.51,  0.51,  0.5 ,  0.51],
        [ 0.52,  0.56,  0.55,  0.53,  0.52,  0.52,  0.54,  0.52,  0.53],
        [ 0.52,  0.57,  0.56,  0.53,  0.52,  0.53,  0.55,  0.53,  0.54]],

       [[ 0.51,  0.55,  0.52,  0.53,  0.57,  0.54,  0.54,  0.57,  0.51],
        [ 0.53,  0.62,  0.61,  0.56,  0.72,  0.58,  0.67,  0.59,  0.53],
        [ 0.62,  0.89,  0.8 ,  0.71,  0.85,  0.7 ,  0.86,  0.86,  0.58],
        [ 0.65,  0.92,  0.83,  0.72,  0.85,  0.76,  0.9 ,  0.9 ,  0.59]],

       [[ 0.53,  0.56,  0.55,  0.58,  0.59,  0.58,  0.55,  0.61,  0.51],
        [ 0.59,  0.67,  0.72,  0.68,  0.79,  0.64,  0.74,  0.64,  0.53],
        [ 0.81,  0.95,  0.94,  0.93,  0.92,  0.83,  0.94,  0.94,  0.57],
        [ 0.86,  0.97,  0.96,  0.95,  0.92,  0.89,  0.96,  0.97,  0.58]],

       [[ 0.65,  0.64,  0.57,  0.64,  0.65,  0.66,  0.58,  0.62,  0.67],
        [ 0.83,  0.84,  0.81,  0.79,  0.89,  0.77,  0.81,  0.66,  0.85],
        [ 1.  ,  1.  ,  0.99,  0.99,  0.98,  0.96,  0.98,  0.96,  0.98],
        [ 1.  ,  1.  ,  0.99,  0.99,  0.98,  0.99,  0.99,  0.98,  0.99]]])
Sub10:
array([[[ 0.5 ,  0.51,  0.5 ,  0.5 ,  0.5 ,  0.5 ,  0.5 ,  0.5 ,  0.51],
        [ 0.5 ,  0.51,  0.52,  0.51,  0.51,  0.51,  0.51,  0.5 ,  0.51],
        [ 0.52,  0.56,  0.55,  0.53,  0.52,  0.52,  0.54,  0.52,  0.53],
        [ 0.52,  0.57,  0.56,  0.53,  0.52,  0.53,  0.55,  0.53,  0.54]],

       [[ 0.51,  0.55,  0.52,  0.53,  0.57,  0.54,  0.54,  0.57,  0.51],
        [ 0.53,  0.62,  0.61,  0.56,  0.72,  0.58,  0.67,  0.59,  0.53],
        [ 0.62,  0.89,  0.8 ,  0.71,  0.85,  0.7 ,  0.86,  0.86,  0.58],
        [ 0.65,  0.92,  0.83,  0.72,  0.85,  0.76,  0.9 ,  0.9 ,  0.59]],

       [[ 0.53,  0.56,  0.55,  0.58,  0.59,  0.58,  0.55,  0.61,  0.51],
        [ 0.59,  0.67,  0.72,  0.68,  0.79,  0.64,  0.74,  0.64,  0.53],
        [ 0.81,  0.95,  0.94,  0.93,  0.92,  0.83,  0.94,  0.94,  0.57],
        [ 0.86,  0.97,  0.96,  0.95,  0.92,  0.89,  0.96,  0.97,  0.58]],

       [[ 0.65,  0.64,  0.57,  0.64,  0.65,  0.66,  0.58,  0.62,  0.67],
        [ 0.83,  0.84,  0.81,  0.79,  0.89,  0.77,  0.81,  0.66,  0.85],
        [ 1.  ,  1.  ,  0.99,  0.99,  0.98,  0.96,  0.98,  0.96,  0.98],
        [ 1.  ,  1.  ,  0.99,  0.99,  0.98,  0.99,  0.99,  0.98,  0.99]]])
Sub11:
array([[[ 0.5 ,  0.51,  0.5 ,  0.5 ,  0.5 ,  0.5 ,  0.5 ,  0.5 ,  0.51],
        [ 0.5 ,  0.51,  0.52,  0.51,  0.51,  0.51,  0.51,  0.5 ,  0.51],
        [ 0.52,  0.56,  0.55,  0.53,  0.52,  0.52,  0.54,  0.52,  0.53],
        [ 0.52,  0.57,  0.56,  0.53,  0.52,  0.53,  0.55,  0.53,  0.54]],

       [[ 0.51,  0.55,  0.52,  0.53,  0.57,  0.54,  0.54,  0.57,  0.51],
        [ 0.53,  0.62,  0.61,  0.56,  0.72,  0.58,  0.67,  0.59,  0.53],
        [ 0.62,  0.89,  0.8 ,  0.71,  0.85,  0.7 ,  0.86,  0.86,  0.58],
        [ 0.65,  0.92,  0.83,  0.72,  0.85,  0.76,  0.9 ,  0.9 ,  0.59]],

       [[ 0.53,  0.56,  0.55,  0.58,  0.59,  0.58,  0.55,  0.61,  0.51],
        [ 0.59,  0.67,  0.72,  0.68,  0.79,  0.64,  0.74,  0.64,  0.53],
        [ 0.81,  0.95,  0.94,  0.93,  0.92,  0.83,  0.94,  0.94,  0.57],
        [ 0.86,  0.97,  0.96,  0.95,  0.92,  0.89,  0.96,  0.97,  0.58]],

       [[ 0.65,  0.64,  0.57,  0.64,  0.65,  0.66,  0.58,  0.62,  0.67],
        [ 0.83,  0.84,  0.81,  0.79,  0.89,  0.77,  0.81,  0.66,  0.85],
        [ 1.  ,  1.  ,  0.99,  0.99,  0.98,  0.96,  0.98,  0.96,  0.98],
        [ 1.  ,  1.  ,  0.99,  0.99,  0.98,  0.99,  0.99,  0.98,  0.99]]])
Sub13:
array([[[ 0.5 ,  0.51,  0.5 ,  0.5 ,  0.5 ,  0.5 ,  0.5 ,  0.5 ,  0.51],
        [ 0.5 ,  0.51,  0.52,  0.51,  0.51,  0.51,  0.51,  0.5 ,  0.51],
        [ 0.52,  0.56,  0.55,  0.53,  0.52,  0.52,  0.54,  0.52,  0.53],
        [ 0.52,  0.57,  0.56,  0.53,  0.52,  0.53,  0.55,  0.53,  0.54]],

       [[ 0.51,  0.55,  0.52,  0.53,  0.57,  0.54,  0.54,  0.57,  0.51],
        [ 0.53,  0.62,  0.61,  0.56,  0.72,  0.58,  0.67,  0.59,  0.53],
        [ 0.62,  0.89,  0.8 ,  0.71,  0.85,  0.7 ,  0.86,  0.86,  0.58],
        [ 0.65,  0.92,  0.83,  0.72,  0.85,  0.76,  0.9 ,  0.9 ,  0.59]],

       [[ 0.53,  0.56,  0.55,  0.58,  0.59,  0.58,  0.55,  0.61,  0.51],
        [ 0.59,  0.67,  0.72,  0.68,  0.79,  0.64,  0.74,  0.64,  0.53],
        [ 0.81,  0.95,  0.94,  0.93,  0.92,  0.83,  0.94,  0.94,  0.57],
        [ 0.86,  0.97,  0.96,  0.95,  0.92,  0.89,  0.96,  0.97,  0.58]],

       [[ 0.65,  0.64,  0.57,  0.64,  0.65,  0.66,  0.58,  0.62,  0.67],
        [ 0.83,  0.84,  0.81,  0.79,  0.89,  0.77,  0.81,  0.66,  0.85],
        [ 1.  ,  1.  ,  0.99,  0.99,  0.98,  0.96,  0.98,  0.96,  0.98],
        [ 1.  ,  1.  ,  0.99,  0.99,  0.98,  0.99,  0.99,  0.98,  0.99]]])

Final RT values:
Sub01:
array([[[ 1.53,  1.59,  1.49,  1.69,  1.34,  1.38,  1.55,  1.55,  1.26],
        [ 1.68,  1.71,  1.64,  1.69,  1.53,  1.44,  1.59,  1.45,  1.36],
        [ 2.38,  2.19,  1.86,  1.58,  1.43,  1.57,  1.62,  1.62,  1.54],
        [ 2.48,  2.47,  2.06,  1.5 ,  1.38,  1.55,  1.71,  1.55,  1.54]],

       [[ 1.53,  1.59,  1.49,  1.69,  1.34,  1.38,  1.55,  1.55,  1.26],
        [ 1.67,  1.68,  1.62,  1.68,  1.45,  1.43,  1.54,  1.44,  1.36],
        [ 2.34,  1.79,  1.64,  1.51,  1.19,  1.5 ,  1.37,  1.38,  1.53],
        [ 2.42,  1.85,  1.72,  1.42,  1.15,  1.44,  1.28,  1.24,  1.53]],

       [[ 1.53,  1.59,  1.49,  1.68,  1.33,  1.37,  1.55,  1.53,  1.26],
        [ 1.66,  1.65,  1.55,  1.63,  1.38,  1.41,  1.49,  1.42,  1.36],
        [ 2.09,  1.58,  1.26,  1.18,  1.06,  1.38,  1.2 ,  1.18,  1.53],
        [ 2.07,  1.56,  1.2 ,  1.06,  1.02,  1.25,  1.01,  1.03,  1.54]],

       [[ 1.5 ,  1.56,  1.48,  1.66,  1.31,  1.34,  1.54,  1.53,  1.21],
        [ 1.45,  1.45,  1.45,  1.53,  1.22,  1.31,  1.42,  1.41,  1.14],
        [ 0.95,  1.07,  0.96,  0.91,  0.82,  1.06,  1.03,  1.11,  0.96],
        [ 0.93,  0.94,  0.83,  0.79,  0.78,  0.9 ,  0.78,  0.95,  0.88]]])
Sub02:
array([[[ 1.53,  1.59,  1.49,  1.69,  1.34,  1.38,  1.55,  1.55,  1.26],
        [ 1.68,  1.71,  1.64,  1.69,  1.53,  1.44,  1.59,  1.45,  1.36],
        [ 2.38,  2.19,  1.86,  1.58,  1.43,  1.57,  1.62,  1.62,  1.54],
        [ 2.48,  2.47,  2.06,  1.5 ,  1.38,  1.55,  1.71,  1.55,  1.54]],

       [[ 1.53,  1.59,  1.49,  1.69,  1.34,  1.38,  1.55,  1.55,  1.26],
        [ 1.67,  1.68,  1.62,  1.68,  1.45,  1.43,  1.54,  1.44,  1.36],
        [ 2.34,  1.79,  1.64,  1.51,  1.19,  1.5 ,  1.37,  1.38,  1.53],
        [ 2.42,  1.85,  1.72,  1.42,  1.15,  1.44,  1.28,  1.24,  1.53]],

       [[ 1.53,  1.59,  1.49,  1.68,  1.33,  1.37,  1.55,  1.53,  1.26],
        [ 1.66,  1.65,  1.55,  1.63,  1.38,  1.41,  1.49,  1.42,  1.36],
        [ 2.09,  1.58,  1.26,  1.18,  1.06,  1.38,  1.2 ,  1.18,  1.53],
        [ 2.07,  1.56,  1.2 ,  1.06,  1.02,  1.25,  1.01,  1.03,  1.54]],

       [[ 1.5 ,  1.56,  1.48,  1.66,  1.31,  1.34,  1.54,  1.53,  1.21],
        [ 1.45,  1.45,  1.45,  1.53,  1.22,  1.31,  1.42,  1.41,  1.14],
        [ 0.95,  1.07,  0.96,  0.91,  0.82,  1.06,  1.03,  1.11,  0.96],
        [ 0.93,  0.94,  0.83,  0.79,  0.78,  0.9 ,  0.78,  0.95,  0.88]]])
Sub04:
array([[[ 1.53,  1.59,  1.49,  1.69,  1.34,  1.38,  1.55,  1.55,  1.26],
        [ 1.68,  1.71,  1.64,  1.69,  1.53,  1.44,  1.59,  1.45,  1.36],
        [ 2.38,  2.19,  1.86,  1.58,  1.43,  1.57,  1.62,  1.62,  1.54],
        [ 2.48,  2.47,  2.06,  1.5 ,  1.38,  1.55,  1.71,  1.55,  1.54]],

       [[ 1.53,  1.59,  1.49,  1.69,  1.34,  1.38,  1.55,  1.55,  1.26],
        [ 1.67,  1.68,  1.62,  1.68,  1.45,  1.43,  1.54,  1.44,  1.36],
        [ 2.34,  1.79,  1.64,  1.51,  1.19,  1.5 ,  1.37,  1.38,  1.53],
        [ 2.42,  1.85,  1.72,  1.42,  1.15,  1.44,  1.28,  1.24,  1.53]],

       [[ 1.53,  1.59,  1.49,  1.68,  1.33,  1.37,  1.55,  1.53,  1.26],
        [ 1.66,  1.65,  1.55,  1.63,  1.38,  1.41,  1.49,  1.42,  1.36],
        [ 2.09,  1.58,  1.26,  1.18,  1.06,  1.38,  1.2 ,  1.18,  1.53],
        [ 2.07,  1.56,  1.2 ,  1.06,  1.02,  1.25,  1.01,  1.03,  1.54]],

       [[ 1.5 ,  1.56,  1.48,  1.66,  1.31,  1.34,  1.54,  1.53,  1.21],
        [ 1.45,  1.45,  1.45,  1.53,  1.22,  1.31,  1.42,  1.41,  1.14],
        [ 0.95,  1.07,  0.96,  0.91,  0.82,  1.06,  1.03,  1.11,  0.96],
        [ 0.93,  0.94,  0.83,  0.79,  0.78,  0.9 ,  0.78,  0.95,  0.88]]])
Sub05:
array([[[ 1.53,  1.59,  1.49,  1.69,  1.34,  1.38,  1.55,  1.55,  1.26],
        [ 1.68,  1.71,  1.64,  1.69,  1.53,  1.44,  1.59,  1.45,  1.36],
        [ 2.38,  2.19,  1.86,  1.58,  1.43,  1.57,  1.62,  1.62,  1.54],
        [ 2.48,  2.47,  2.06,  1.5 ,  1.38,  1.55,  1.71,  1.55,  1.54]],

       [[ 1.53,  1.59,  1.49,  1.69,  1.34,  1.38,  1.55,  1.55,  1.26],
        [ 1.67,  1.68,  1.62,  1.68,  1.45,  1.43,  1.54,  1.44,  1.36],
        [ 2.34,  1.79,  1.64,  1.51,  1.19,  1.5 ,  1.37,  1.38,  1.53],
        [ 2.42,  1.85,  1.72,  1.42,  1.15,  1.44,  1.28,  1.24,  1.53]],

       [[ 1.53,  1.59,  1.49,  1.68,  1.33,  1.37,  1.55,  1.53,  1.26],
        [ 1.66,  1.65,  1.55,  1.63,  1.38,  1.41,  1.49,  1.42,  1.36],
        [ 2.09,  1.58,  1.26,  1.18,  1.06,  1.38,  1.2 ,  1.18,  1.53],
        [ 2.07,  1.56,  1.2 ,  1.06,  1.02,  1.25,  1.01,  1.03,  1.54]],

       [[ 1.5 ,  1.56,  1.48,  1.66,  1.31,  1.34,  1.54,  1.53,  1.21],
        [ 1.45,  1.45,  1.45,  1.53,  1.22,  1.31,  1.42,  1.41,  1.14],
        [ 0.95,  1.07,  0.96,  0.91,  0.82,  1.06,  1.03,  1.11,  0.96],
        [ 0.93,  0.94,  0.83,  0.79,  0.78,  0.9 ,  0.78,  0.95,  0.88]]])
Sub06:
array([[[ 1.53,  1.59,  1.49,  1.69,  1.34,  1.38,  1.55,  1.55,  1.26],
        [ 1.68,  1.71,  1.64,  1.69,  1.53,  1.44,  1.59,  1.45,  1.36],
        [ 2.38,  2.19,  1.86,  1.58,  1.43,  1.57,  1.62,  1.62,  1.54],
        [ 2.48,  2.47,  2.06,  1.5 ,  1.38,  1.55,  1.71,  1.55,  1.54]],

       [[ 1.53,  1.59,  1.49,  1.69,  1.34,  1.38,  1.55,  1.55,  1.26],
        [ 1.67,  1.68,  1.62,  1.68,  1.45,  1.43,  1.54,  1.44,  1.36],
        [ 2.34,  1.79,  1.64,  1.51,  1.19,  1.5 ,  1.37,  1.38,  1.53],
        [ 2.42,  1.85,  1.72,  1.42,  1.15,  1.44,  1.28,  1.24,  1.53]],

       [[ 1.53,  1.59,  1.49,  1.68,  1.33,  1.37,  1.55,  1.53,  1.26],
        [ 1.66,  1.65,  1.55,  1.63,  1.38,  1.41,  1.49,  1.42,  1.36],
        [ 2.09,  1.58,  1.26,  1.18,  1.06,  1.38,  1.2 ,  1.18,  1.53],
        [ 2.07,  1.56,  1.2 ,  1.06,  1.02,  1.25,  1.01,  1.03,  1.54]],

       [[ 1.5 ,  1.56,  1.48,  1.66,  1.31,  1.34,  1.54,  1.53,  1.21],
        [ 1.45,  1.45,  1.45,  1.53,  1.22,  1.31,  1.42,  1.41,  1.14],
        [ 0.95,  1.07,  0.96,  0.91,  0.82,  1.06,  1.03,  1.11,  0.96],
        [ 0.93,  0.94,  0.83,  0.79,  0.78,  0.9 ,  0.78,  0.95,  0.88]]])
Sub08:
array([[[ 1.53,  1.59,  1.49,  1.69,  1.34,  1.38,  1.55,  1.55,  1.26],
        [ 1.68,  1.71,  1.64,  1.69,  1.53,  1.44,  1.59,  1.45,  1.36],
        [ 2.38,  2.19,  1.86,  1.58,  1.43,  1.57,  1.62,  1.62,  1.54],
        [ 2.48,  2.47,  2.06,  1.5 ,  1.38,  1.55,  1.71,  1.55,  1.54]],

       [[ 1.53,  1.59,  1.49,  1.69,  1.34,  1.38,  1.55,  1.55,  1.26],
        [ 1.67,  1.68,  1.62,  1.68,  1.45,  1.43,  1.54,  1.44,  1.36],
        [ 2.34,  1.79,  1.64,  1.51,  1.19,  1.5 ,  1.37,  1.38,  1.53],
        [ 2.42,  1.85,  1.72,  1.42,  1.15,  1.44,  1.28,  1.24,  1.53]],

       [[ 1.53,  1.59,  1.49,  1.68,  1.33,  1.37,  1.55,  1.53,  1.26],
        [ 1.66,  1.65,  1.55,  1.63,  1.38,  1.41,  1.49,  1.42,  1.36],
        [ 2.09,  1.58,  1.26,  1.18,  1.06,  1.38,  1.2 ,  1.18,  1.53],
        [ 2.07,  1.56,  1.2 ,  1.06,  1.02,  1.25,  1.01,  1.03,  1.54]],

       [[ 1.5 ,  1.56,  1.48,  1.66,  1.31,  1.34,  1.54,  1.53,  1.21],
        [ 1.45,  1.45,  1.45,  1.53,  1.22,  1.31,  1.42,  1.41,  1.14],
        [ 0.95,  1.07,  0.96,  0.91,  0.82,  1.06,  1.03,  1.11,  0.96],
        [ 0.93,  0.94,  0.83,  0.79,  0.78,  0.9 ,  0.78,  0.95,  0.88]]])
Sub10:
array([[[ 1.53,  1.59,  1.49,  1.69,  1.34,  1.38,  1.55,  1.55,  1.26],
        [ 1.68,  1.71,  1.64,  1.69,  1.53,  1.44,  1.59,  1.45,  1.36],
        [ 2.38,  2.19,  1.86,  1.58,  1.43,  1.57,  1.62,  1.62,  1.54],
        [ 2.48,  2.47,  2.06,  1.5 ,  1.38,  1.55,  1.71,  1.55,  1.54]],

       [[ 1.53,  1.59,  1.49,  1.69,  1.34,  1.38,  1.55,  1.55,  1.26],
        [ 1.67,  1.68,  1.62,  1.68,  1.45,  1.43,  1.54,  1.44,  1.36],
        [ 2.34,  1.79,  1.64,  1.51,  1.19,  1.5 ,  1.37,  1.38,  1.53],
        [ 2.42,  1.85,  1.72,  1.42,  1.15,  1.44,  1.28,  1.24,  1.53]],

       [[ 1.53,  1.59,  1.49,  1.68,  1.33,  1.37,  1.55,  1.53,  1.26],
        [ 1.66,  1.65,  1.55,  1.63,  1.38,  1.41,  1.49,  1.42,  1.36],
        [ 2.09,  1.58,  1.26,  1.18,  1.06,  1.38,  1.2 ,  1.18,  1.53],
        [ 2.07,  1.56,  1.2 ,  1.06,  1.02,  1.25,  1.01,  1.03,  1.54]],

       [[ 1.5 ,  1.56,  1.48,  1.66,  1.31,  1.34,  1.54,  1.53,  1.21],
        [ 1.45,  1.45,  1.45,  1.53,  1.22,  1.31,  1.42,  1.41,  1.14],
        [ 0.95,  1.07,  0.96,  0.91,  0.82,  1.06,  1.03,  1.11,  0.96],
        [ 0.93,  0.94,  0.83,  0.79,  0.78,  0.9 ,  0.78,  0.95,  0.88]]])
Sub11:
array([[[ 1.53,  1.59,  1.49,  1.69,  1.34,  1.38,  1.55,  1.55,  1.26],
        [ 1.68,  1.71,  1.64,  1.69,  1.53,  1.44,  1.59,  1.45,  1.36],
        [ 2.38,  2.19,  1.86,  1.58,  1.43,  1.57,  1.62,  1.62,  1.54],
        [ 2.48,  2.47,  2.06,  1.5 ,  1.38,  1.55,  1.71,  1.55,  1.54]],

       [[ 1.53,  1.59,  1.49,  1.69,  1.34,  1.38,  1.55,  1.55,  1.26],
        [ 1.67,  1.68,  1.62,  1.68,  1.45,  1.43,  1.54,  1.44,  1.36],
        [ 2.34,  1.79,  1.64,  1.51,  1.19,  1.5 ,  1.37,  1.38,  1.53],
        [ 2.42,  1.85,  1.72,  1.42,  1.15,  1.44,  1.28,  1.24,  1.53]],

       [[ 1.53,  1.59,  1.49,  1.68,  1.33,  1.37,  1.55,  1.53,  1.26],
        [ 1.66,  1.65,  1.55,  1.63,  1.38,  1.41,  1.49,  1.42,  1.36],
        [ 2.09,  1.58,  1.26,  1.18,  1.06,  1.38,  1.2 ,  1.18,  1.53],
        [ 2.07,  1.56,  1.2 ,  1.06,  1.02,  1.25,  1.01,  1.03,  1.54]],

       [[ 1.5 ,  1.56,  1.48,  1.66,  1.31,  1.34,  1.54,  1.53,  1.21],
        [ 1.45,  1.45,  1.45,  1.53,  1.22,  1.31,  1.42,  1.41,  1.14],
        [ 0.95,  1.07,  0.96,  0.91,  0.82,  1.06,  1.03,  1.11,  0.96],
        [ 0.93,  0.94,  0.83,  0.79,  0.78,  0.9 ,  0.78,  0.95,  0.88]]])
Sub13:
array([[[ 1.53,  1.59,  1.49,  1.69,  1.34,  1.38,  1.55,  1.55,  1.26],
        [ 1.68,  1.71,  1.64,  1.69,  1.53,  1.44,  1.59,  1.45,  1.36],
        [ 2.38,  2.19,  1.86,  1.58,  1.43,  1.57,  1.62,  1.62,  1.54],
        [ 2.48,  2.47,  2.06,  1.5 ,  1.38,  1.55,  1.71,  1.55,  1.54]],

       [[ 1.53,  1.59,  1.49,  1.69,  1.34,  1.38,  1.55,  1.55,  1.26],
        [ 1.67,  1.68,  1.62,  1.68,  1.45,  1.43,  1.54,  1.44,  1.36],
        [ 2.34,  1.79,  1.64,  1.51,  1.19,  1.5 ,  1.37,  1.38,  1.53],
        [ 2.42,  1.85,  1.72,  1.42,  1.15,  1.44,  1.28,  1.24,  1.53]],

       [[ 1.53,  1.59,  1.49,  1.68,  1.33,  1.37,  1.55,  1.53,  1.26],
        [ 1.66,  1.65,  1.55,  1.63,  1.38,  1.41,  1.49,  1.42,  1.36],
        [ 2.09,  1.58,  1.26,  1.18,  1.06,  1.38,  1.2 ,  1.18,  1.53],
        [ 2.07,  1.56,  1.2 ,  1.06,  1.02,  1.25,  1.01,  1.03,  1.54]],

       [[ 1.5 ,  1.56,  1.48,  1.66,  1.31,  1.34,  1.54,  1.53,  1.21],
        [ 1.45,  1.45,  1.45,  1.53,  1.22,  1.31,  1.42,  1.41,  1.14],
        [ 0.95,  1.07,  0.96,  0.91,  0.82,  1.06,  1.03,  1.11,  0.96],
        [ 0.93,  0.94,  0.83,  0.79,  0.78,  0.9 ,  0.78,  0.95,  0.88]]])
