Final A values:
array([[ 1.08,  1.08,  1.08,  1.08,  1.09,  1.08,  1.08,  1.09,  1.08],
       [ 1.13,  1.2 ,  1.13,  1.12,  1.09,  1.08,  1.08,  1.09,  1.08],
       [ 1.44,  1.26,  1.28,  1.08,  1.09,  1.08,  1.08,  1.09,  1.08],
       [ 1.44,  1.44,  1.44,  1.08,  1.09,  1.08,  1.28,  1.09,  1.08]])
Final k values:
array([[ 0.06,  0.06,  0.02,  0.09,  0.05,  0.06,  0.02,  0.05,  0.06],
       [ 0.16,  0.16,  0.12,  0.21,  0.17,  0.12,  0.12,  0.06,  0.16],
       [ 0.5 ,  0.63,  0.31,  0.75,  0.31,  0.31,  0.31,  0.31,  0.34],
       [ 0.63,  0.63,  0.31,  0.8 ,  0.31,  0.42,  0.31,  0.38,  0.41]])
Final tR values:
array([[ 0.35,  0.42,  0.31,  0.51,  0.17,  0.2 ,  0.37,  0.37,  0.08],
       [ 0.39,  0.26,  0.35,  0.43,  0.35,  0.27,  0.41,  0.27,  0.19],
       [ 0.32,  0.61,  0.23,  0.41,  0.25,  0.4 ,  0.44,  0.44,  0.36],
       [ 0.42,  0.42,  0.  ,  0.32,  0.21,  0.37,  0.08,  0.38,  0.37]])
Final log-likelihood values:
array([-55.08, -36.8 , -38.87, -35.18, -31.78, -35.9 , -28.01, -35.34,
       -37.58])

Final PC values:
Sub01:
array([[ 0.5 ,  0.5 ,  0.52,  0.52],
       [ 0.51,  0.53,  0.62,  0.65],
       [ 0.53,  0.59,  0.81,  0.86],
       [ 0.65,  0.83,  1.  ,  1.  ]])
Sub02:
array([[ 0.51,  0.51,  0.56,  0.57],
       [ 0.55,  0.62,  0.89,  0.92],
       [ 0.56,  0.67,  0.95,  0.97],
       [ 0.64,  0.84,  1.  ,  1.  ]])
Sub04:
array([[ 0.5 ,  0.52,  0.55,  0.56],
       [ 0.52,  0.61,  0.8 ,  0.83],
       [ 0.55,  0.72,  0.94,  0.96],
       [ 0.57,  0.81,  0.99,  0.99]])
Sub05:
array([[ 0.5 ,  0.51,  0.53,  0.53],
       [ 0.53,  0.56,  0.71,  0.72],
       [ 0.58,  0.68,  0.93,  0.95],
       [ 0.64,  0.79,  0.99,  0.99]])
Sub06:
array([[ 0.5 ,  0.51,  0.52,  0.52],
       [ 0.57,  0.72,  0.85,  0.85],
       [ 0.59,  0.79,  0.92,  0.92],
       [ 0.65,  0.89,  0.98,  0.98]])
Sub08:
array([[ 0.5 ,  0.51,  0.52,  0.53],
       [ 0.54,  0.58,  0.7 ,  0.76],
       [ 0.58,  0.64,  0.83,  0.89],
       [ 0.66,  0.77,  0.96,  0.99]])
Sub10:
array([[ 0.5 ,  0.51,  0.54,  0.55],
       [ 0.54,  0.67,  0.86,  0.9 ],
       [ 0.55,  0.74,  0.94,  0.96],
       [ 0.58,  0.81,  0.98,  0.99]])
Sub11:
array([[ 0.5 ,  0.5 ,  0.52,  0.53],
       [ 0.57,  0.59,  0.86,  0.9 ],
       [ 0.61,  0.64,  0.94,  0.97],
       [ 0.62,  0.66,  0.96,  0.98]])
Sub13:
array([[ 0.51,  0.51,  0.53,  0.54],
       [ 0.51,  0.53,  0.58,  0.59],
       [ 0.51,  0.53,  0.57,  0.58],
       [ 0.67,  0.85,  0.98,  0.99]])

Final RT values:
Sub01:
array([[ 1.53,  1.68,  2.38,  2.48],
       [ 1.53,  1.67,  2.34,  2.42],
       [ 1.53,  1.66,  2.09,  2.07],
       [ 1.5 ,  1.45,  0.95,  0.93]])
Sub02:
array([[ 1.59,  1.71,  2.19,  2.47],
       [ 1.59,  1.68,  1.79,  1.85],
       [ 1.59,  1.65,  1.58,  1.56],
       [ 1.56,  1.45,  1.07,  0.94]])
Sub04:
array([[ 1.49,  1.64,  1.86,  2.06],
       [ 1.49,  1.62,  1.64,  1.72],
       [ 1.49,  1.55,  1.26,  1.2 ],
       [ 1.48,  1.45,  0.96,  0.83]])
Sub05:
array([[ 1.69,  1.69,  1.58,  1.5 ],
       [ 1.69,  1.68,  1.51,  1.42],
       [ 1.68,  1.63,  1.18,  1.06],
       [ 1.66,  1.53,  0.91,  0.79]])
Sub06:
array([[ 1.34,  1.53,  1.43,  1.38],
       [ 1.34,  1.45,  1.19,  1.15],
       [ 1.33,  1.38,  1.06,  1.02],
       [ 1.31,  1.22,  0.82,  0.78]])
Sub08:
array([[ 1.38,  1.44,  1.57,  1.55],
       [ 1.38,  1.43,  1.5 ,  1.44],
       [ 1.37,  1.41,  1.38,  1.25],
       [ 1.34,  1.31,  1.06,  0.9 ]])
Sub10:
array([[ 1.55,  1.59,  1.62,  1.71],
       [ 1.55,  1.54,  1.37,  1.28],
       [ 1.55,  1.49,  1.2 ,  1.01],
       [ 1.54,  1.42,  1.03,  0.78]])
Sub11:
array([[ 1.55,  1.45,  1.62,  1.55],
       [ 1.55,  1.44,  1.38,  1.24],
       [ 1.53,  1.42,  1.18,  1.03],
       [ 1.53,  1.41,  1.11,  0.95]])
Sub13:
array([[ 1.26,  1.36,  1.54,  1.54],
       [ 1.26,  1.36,  1.53,  1.53],
       [ 1.26,  1.36,  1.53,  1.54],
       [ 1.21,  1.14,  0.96,  0.88]])
