Final A values:
array([[ 1.07,  1.07,  1.07,  1.07,  1.07,  1.07,  1.07,  1.07,  1.07],
       [ 1.07,  1.07,  1.07,  1.07,  1.07,  1.07,  1.07,  1.07,  1.07],
       [ 1.07,  1.07,  1.07,  1.07,  1.07,  1.07,  1.07,  1.08,  1.07],
       [ 1.07,  1.07,  1.1 ,  1.1 ,  1.07,  1.07,  1.07,  1.07,  1.07]])
Final k values:
array([[ 0.08,  0.08,  0.11,  0.13,  0.03,  0.03,  0.06,  0.03,  0.06],
       [ 0.21,  0.31,  0.25,  0.31,  0.21,  0.16,  0.21,  0.25,  0.06],
       [ 0.42,  0.5 ,  0.48,  0.83,  0.39,  0.21,  0.42,  0.42,  0.08],
       [ 1.09,  0.67,  0.6 ,  1.57,  0.67,  0.39,  0.5 ,  0.31,  0.39]])
Final tR values:
array([[ 1.02,  0.9 ,  0.9 ,  0.26,  0.22,  0.31,  0.31,  0.31,  0.36],
       [ 1.15,  0.9 ,  0.72,  0.42,  0.33,  0.39,  0.42,  0.44,  0.25],
       [ 1.19,  0.85,  0.57,  0.45,  0.36,  0.42,  0.5 ,  0.44,  0.39],
       [ 0.47,  0.39,  0.38,  0.57,  0.39,  0.31,  0.39,  0.26,  0.19]])
Final log-likelihood values:
array([-28.68, -20.86, -24.91, -22.04, -22.95, -27.77, -23.06, -27.8 ,
       -26.05])

Final PC values:
Sub01:
array([[ 0.5 ,  0.53,  0.58],
       [ 0.51,  0.57,  0.7 ],
       [ 0.52,  0.65,  0.84],
       [ 0.56,  0.83,  0.99]])
Sub02:
array([[ 0.51,  0.55,  0.61],
       [ 0.54,  0.67,  0.84],
       [ 0.56,  0.76,  0.93],
       [ 0.58,  0.82,  0.97]])
Sub04:
array([[ 0.51,  0.56,  0.65],
       [ 0.52,  0.64,  0.82],
       [ 0.53,  0.75,  0.95],
       [ 0.54,  0.8 ,  0.98]])
Sub05:
array([[ 0.51,  0.53,  0.61],
       [ 0.52,  0.58,  0.75],
       [ 0.54,  0.7 ,  0.95],
       [ 0.58,  0.83,  1.  ]])
Sub06:
array([[ 0.5 ,  0.53,  0.57],
       [ 0.51,  0.68,  0.85],
       [ 0.53,  0.81,  0.96],
       [ 0.55,  0.92,  1.  ]])
Sub08:
array([[ 0.51,  0.52,  0.56],
       [ 0.53,  0.61,  0.77],
       [ 0.54,  0.65,  0.83],
       [ 0.58,  0.76,  0.95]])
Sub10:
array([[ 0.51,  0.55,  0.61],
       [ 0.52,  0.65,  0.82],
       [ 0.54,  0.78,  0.95],
       [ 0.55,  0.82,  0.97]])
Sub11:
array([[ 0.5 ,  0.52,  0.56],
       [ 0.53,  0.64,  0.85],
       [ 0.55,  0.72,  0.95],
       [ 0.54,  0.67,  0.9 ]])
Sub13:
array([[ 0.52,  0.57,  0.62],
       [ 0.52,  0.57,  0.62],
       [ 0.52,  0.59,  0.65],
       [ 0.61,  0.84,  0.95]])

Final RT values:
Sub01:
array([[ 2.17,  2.17,  2.16],
       [ 2.3 ,  2.29,  2.24],
       [ 2.34,  2.31,  2.13],
       [ 1.61,  1.43,  0.98]])
Sub02:
array([[ 2.05,  2.04,  2.03],
       [ 2.05,  2.  ,  1.84],
       [ 2.  ,  1.89,  1.62],
       [ 1.53,  1.36,  1.01]])
Sub04:
array([[ 2.05,  2.04,  2.01],
       [ 1.87,  1.84,  1.69],
       [ 1.72,  1.63,  1.29],
       [ 1.58,  1.42,  1.  ]])
Sub05:
array([[ 1.41,  1.41,  1.39],
       [ 1.57,  1.56,  1.46],
       [ 1.6 ,  1.54,  1.15],
       [ 1.76,  1.56,  0.99]])
Sub06:
array([[ 1.37,  1.37,  1.37],
       [ 1.48,  1.43,  1.26],
       [ 1.51,  1.35,  1.02],
       [ 1.54,  1.19,  0.81]])
Sub08:
array([[ 1.46,  1.46,  1.46],
       [ 1.54,  1.52,  1.42],
       [ 1.57,  1.53,  1.37],
       [ 1.45,  1.35,  1.  ]])
Sub10:
array([[ 1.47,  1.46,  1.45],
       [ 1.57,  1.53,  1.39],
       [ 1.64,  1.52,  1.19],
       [ 1.54,  1.37,  1.  ]])
Sub11:
array([[ 1.47,  1.47,  1.46],
       [ 1.59,  1.56,  1.37],
       [ 1.61,  1.53,  1.16],
       [ 1.41,  1.37,  1.1 ]])
Sub13:
array([[ 1.52,  1.51,  1.49],
       [ 1.4 ,  1.4 ,  1.38],
       [ 1.54,  1.53,  1.51],
       [ 1.32,  1.14,  0.89]])
