Final A values:
array([[ 1.02,  1.08,  1.08,  1.08,  1.09,  1.08,  1.09,  1.08,  1.08],
       [ 1.07,  1.08,  1.08,  1.08,  1.09,  1.08,  1.09,  1.08,  1.08],
       [ 1.08,  1.08,  1.08,  1.08,  1.09,  1.08,  1.09,  1.08,  1.08],
       [ 1.15,  1.08,  1.12,  1.26,  1.2 ,  1.08,  1.09,  1.08,  1.28]])
Final k values:
array([[ 0.04,  0.05,  0.09,  0.09,  0.06,  0.04,  0.06,  0.04,  0.09],
       [ 0.1 ,  0.18,  0.31,  0.19,  0.25,  0.16,  0.5 ,  0.19,  0.09],
       [ 0.18,  0.27,  0.53,  0.63,  0.5 ,  0.24,  0.99,  0.48,  0.12],
       [ 0.38,  0.42,  0.8 ,  0.78,  0.63,  0.36,  1.25,  0.36,  0.63]])
Final tR values:
array([[ 1.16,  0.92,  0.85,  0.26,  0.21,  0.3 ,  0.31,  0.29,  0.31],
       [ 1.12,  0.91,  0.78,  0.33,  0.29,  0.42,  0.4 ,  0.36,  0.36],
       [ 1.19,  0.85,  0.54,  0.44,  0.4 ,  0.48,  0.54,  0.54,  0.4 ],
       [ 0.32,  0.43,  0.35,  0.25,  0.12,  0.36,  0.4 ,  0.35,  0.08]])
Final log-likelihood values:
array([-30.84, -27.28, -34.6 , -24.45, -27.01, -38.65, -30.3 , -34.74,
       -47.91])

Final PC values:
Sub01:
array([[ 0.5 ,  0.54,  0.59,  0.6 ],
       [ 0.51,  0.6 ,  0.72,  0.73],
       [ 0.52,  0.67,  0.86,  0.87],
       [ 0.55,  0.84,  0.98,  0.99]])
Sub02:
array([[ 0.51,  0.54,  0.6 ,  0.62],
       [ 0.53,  0.67,  0.84,  0.87],
       [ 0.55,  0.74,  0.92,  0.95],
       [ 0.57,  0.83,  0.98,  0.99]])
Sub04:
array([[ 0.5 ,  0.55,  0.61,  0.64],
       [ 0.51,  0.65,  0.82,  0.87],
       [ 0.52,  0.74,  0.93,  0.96],
       [ 0.53,  0.83,  0.98,  0.99]])
Sub05:
array([[ 0.51,  0.55,  0.62,  0.64],
       [ 0.52,  0.59,  0.72,  0.76],
       [ 0.55,  0.78,  0.96,  0.98],
       [ 0.57,  0.86,  0.99,  1.  ]])
Sub06:
array([[ 0.5 ,  0.55,  0.6 ,  0.61],
       [ 0.52,  0.7 ,  0.82,  0.86],
       [ 0.53,  0.84,  0.96,  0.98],
       [ 0.54,  0.91,  0.99,  0.99]])
Sub08:
array([[ 0.5 ,  0.51,  0.58,  0.59],
       [ 0.52,  0.56,  0.79,  0.84],
       [ 0.53,  0.59,  0.88,  0.92],
       [ 0.55,  0.63,  0.96,  0.98]])
Sub10:
array([[ 0.5 ,  0.52,  0.55,  0.57],
       [ 0.52,  0.66,  0.83,  0.9 ],
       [ 0.54,  0.79,  0.96,  0.99],
       [ 0.55,  0.84,  0.98,  1.  ]])
Sub11:
array([[ 0.5 ,  0.51,  0.57,  0.59],
       [ 0.52,  0.56,  0.81,  0.87],
       [ 0.54,  0.64,  0.97,  0.99],
       [ 0.53,  0.61,  0.94,  0.97]])
Sub13:
array([[ 0.51,  0.52,  0.62,  0.63],
       [ 0.51,  0.52,  0.62,  0.63],
       [ 0.51,  0.53,  0.64,  0.66],
       [ 0.56,  0.67,  0.98,  0.98]])

Final RT values:
Sub01:
array([[ 2.2 ,  2.2 ,  2.19,  2.19],
       [ 2.27,  2.26,  2.19,  2.18],
       [ 2.36,  2.31,  2.12,  2.1 ],
       [ 1.65,  1.42,  0.96,  0.93]])
Sub02:
array([[ 2.09,  2.09,  2.08,  2.07],
       [ 2.08,  2.04,  1.87,  1.82],
       [ 2.02,  1.93,  1.65,  1.58],
       [ 1.6 ,  1.4 ,  1.02,  0.95]])
Sub04:
array([[ 2.03,  2.03,  2.01,  2.  ],
       [ 1.95,  1.92,  1.77,  1.7 ],
       [ 1.72,  1.63,  1.33,  1.22],
       [ 1.6 ,  1.39,  0.95,  0.85]])
Sub05:
array([[ 1.44,  1.43,  1.41,  1.4 ],
       [ 1.5 ,  1.49,  1.42,  1.39],
       [ 1.62,  1.49,  1.13,  1.03],
       [ 1.83,  1.51,  0.93,  0.82]])
Sub06:
array([[ 1.39,  1.38,  1.37,  1.36],
       [ 1.47,  1.4 ,  1.28,  1.22],
       [ 1.57,  1.36,  1.09,  1.  ],
       [ 1.57,  1.15,  0.79,  0.69]])
Sub08:
array([[ 1.48,  1.48,  1.47,  1.46],
       [ 1.6 ,  1.59,  1.45,  1.39],
       [ 1.66,  1.65,  1.37,  1.29],
       [ 1.53,  1.51,  1.05,  0.95]])
Sub10:
array([[ 1.49,  1.49,  1.49,  1.48],
       [ 1.57,  1.53,  1.38,  1.25],
       [ 1.72,  1.57,  1.24,  1.07],
       [ 1.57,  1.36,  0.98,  0.82]])
Sub11:
array([[ 1.47,  1.47,  1.46,  1.45],
       [ 1.54,  1.54,  1.37,  1.27],
       [ 1.71,  1.68,  1.15,  1.01],
       [ 1.53,  1.51,  1.11,  0.96]])
Sub13:
array([[ 1.49,  1.49,  1.47,  1.46],
       [ 1.54,  1.53,  1.51,  1.51],
       [ 1.57,  1.57,  1.54,  1.53],
       [ 1.71,  1.65,  0.93,  0.84]])
