Final A values:
array([[ 1.02,  1.08,  1.08,  1.08,  1.09,  1.01,  1.09,  1.08,  1.08],
       [ 1.05,  1.08,  1.23,  1.08,  1.09,  1.05,  1.09,  1.08,  1.08],
       [ 1.08,  1.08,  1.08,  1.08,  1.09,  1.03,  1.09,  1.08,  1.08],
       [ 1.13,  1.08,  1.13,  1.2 ,  1.28,  1.14,  1.28,  1.08,  1.2 ]])
Final k values:
array([[ 0.03,  0.05,  0.06,  0.09,  0.13,  0.04,  0.06,  0.02,  0.06],
       [ 0.09,  0.21,  0.24,  0.31,  0.83,  0.13,  0.31,  0.21,  0.09],
       [ 0.17,  0.31,  0.63,  0.72,  1.58,  0.18,  0.63,  0.41,  0.12],
       [ 0.43,  0.46,  0.8 ,  1.38,  2.21,  0.41,  0.68,  0.42,  0.63]])
Final tR values:
array([[ 1.16,  0.89,  0.85,  0.26,  0.17,  0.44,  0.31,  0.22,  0.31],
       [ 1.15,  0.93,  0.53,  0.36,  0.26,  0.44,  0.4 ,  0.4 ,  0.31],
       [ 1.19,  0.91,  0.62,  0.37,  0.33,  0.47,  0.53,  0.49,  0.4 ],
       [ 0.4 ,  0.46,  0.33,  0.36,  0.06,  0.38,  0.15,  0.39,  0.15]])
Final log-likelihood values:
array([-33.66, -29.56, -38.04, -30.15, -33.36, -31.06, -32.24, -38.19,
       -54.58])

Final PC values:
Sub01:
array([[ 0.5 ,  0.53,  0.57,  0.57,  0.57],
       [ 0.51,  0.58,  0.7 ,  0.71,  0.71],
       [ 0.52,  0.67,  0.85,  0.86,  0.86],
       [ 0.55,  0.85,  0.99,  0.99,  0.99]])
Sub02:
array([[ 0.51,  0.54,  0.6 ,  0.61,  0.62],
       [ 0.54,  0.69,  0.87,  0.9 ,  0.9 ],
       [ 0.56,  0.77,  0.95,  0.96,  0.97],
       [ 0.58,  0.85,  0.99,  0.99,  0.99]])
Sub04:
array([[ 0.5 ,  0.53,  0.58,  0.59,  0.59],
       [ 0.51,  0.63,  0.79,  0.83,  0.83],
       [ 0.52,  0.77,  0.95,  0.98,  0.98],
       [ 0.53,  0.83,  0.98,  0.99,  0.99]])
Sub05:
array([[ 0.5 ,  0.53,  0.58,  0.6 ,  0.6 ],
       [ 0.51,  0.59,  0.74,  0.79,  0.79],
       [ 0.53,  0.7 ,  0.91,  0.96,  0.95],
       [ 0.56,  0.85,  0.99,  1.  ,  1.  ]])
Sub06:
array([[ 0.5 ,  0.53,  0.56,  0.56,  0.57],
       [ 0.51,  0.69,  0.81,  0.82,  0.85],
       [ 0.53,  0.82,  0.94,  0.95,  0.97],
       [ 0.54,  0.93,  0.99,  0.99,  1.  ]])
Sub08:
array([[ 0.5 ,  0.51,  0.58,  0.59,  0.59],
       [ 0.52,  0.55,  0.75,  0.79,  0.79],
       [ 0.52,  0.56,  0.81,  0.86,  0.86],
       [ 0.56,  0.65,  0.98,  0.99,  0.99]])
Sub10:
array([[ 0.5 ,  0.53,  0.57,  0.6 ,  0.6 ],
       [ 0.52,  0.65,  0.81,  0.87,  0.89],
       [ 0.54,  0.78,  0.95,  0.98,  0.98],
       [ 0.55,  0.83,  0.98,  0.99,  0.99]])
Sub11:
array([[ 0.5 ,  0.51,  0.55,  0.56,  0.56],
       [ 0.52,  0.56,  0.83,  0.9 ,  0.89],
       [ 0.53,  0.62,  0.96,  0.99,  0.98],
       [ 0.53,  0.62,  0.96,  0.99,  0.99]])
Sub13:
array([[ 0.51,  0.51,  0.58,  0.59,  0.59],
       [ 0.51,  0.52,  0.62,  0.63,  0.63],
       [ 0.51,  0.53,  0.64,  0.66,  0.66],
       [ 0.56,  0.66,  0.97,  0.98,  0.98]])

Final RT values:
Sub01:
array([[ 2.2 ,  2.2 ,  2.2 ,  2.2 ,  2.19],
       [ 2.25,  2.24,  2.19,  2.18,  2.18],
       [ 2.36,  2.32,  2.14,  2.13,  2.12],
       [ 1.66,  1.41,  0.96,  0.94,  0.94]])
Sub02:
array([[ 2.07,  2.06,  2.05,  2.05,  2.04],
       [ 2.1 ,  2.05,  1.84,  1.8 ,  1.78],
       [ 2.08,  1.96,  1.64,  1.59,  1.57],
       [ 1.62,  1.4 ,  1.  ,  0.95,  0.93]])
Sub04:
array([[ 2.03,  2.03,  2.02,  2.02,  2.02],
       [ 2.04,  2.01,  1.86,  1.79,  1.79],
       [ 1.8 ,  1.68,  1.33,  1.23,  1.22],
       [ 1.62,  1.4 ,  0.95,  0.85,  0.84]])
Sub05:
array([[ 1.44,  1.44,  1.43,  1.42,  1.42],
       [ 1.54,  1.52,  1.44,  1.39,  1.39],
       [ 1.55,  1.48,  1.2 ,  1.07,  1.08],
       [ 1.81,  1.53,  0.93,  0.81,  0.81]])
Sub06:
array([[ 1.34,  1.34,  1.34,  1.34,  1.34],
       [ 1.44,  1.38,  1.26,  1.26,  1.21],
       [ 1.51,  1.32,  1.08,  1.07,  0.99],
       [ 1.7 ,  1.16,  0.76,  0.75,  0.66]])
Sub08:
array([[ 1.47,  1.47,  1.46,  1.46,  1.46],
       [ 1.54,  1.54,  1.45,  1.4 ,  1.4 ],
       [ 1.54,  1.54,  1.39,  1.33,  1.33],
       [ 1.66,  1.63,  1.05,  0.94,  0.94]])
Sub10:
array([[ 1.49,  1.49,  1.48,  1.48,  1.47],
       [ 1.57,  1.54,  1.4 ,  1.3 ,  1.28],
       [ 1.7 ,  1.57,  1.26,  1.11,  1.08],
       [ 1.78,  1.5 ,  0.99,  0.8 ,  0.76]])
Sub11:
array([[ 1.4 ,  1.4 ,  1.39,  1.39,  1.39],
       [ 1.58,  1.57,  1.38,  1.25,  1.27],
       [ 1.67,  1.64,  1.19,  1.03,  1.04],
       [ 1.57,  1.54,  1.07,  0.91,  0.93]])
Sub13:
array([[ 1.49,  1.49,  1.48,  1.48,  1.48],
       [ 1.49,  1.49,  1.47,  1.46,  1.46],
       [ 1.57,  1.57,  1.54,  1.53,  1.53],
       [ 1.59,  1.55,  0.94,  0.87,  0.86]])
