Final A values:
array([[ 1.02,  1.08,  1.08,  1.08,  1.09,  1.08,  1.08,  1.08,  1.08],
       [ 1.05,  1.07,  1.19,  1.08,  1.09,  1.08,  1.08,  1.08,  1.08],
       [ 1.05,  1.08,  1.08,  1.08,  1.09,  1.08,  1.08,  1.08,  1.08],
       [ 1.14,  1.08,  1.13,  1.26,  1.28,  1.2 ,  1.13,  1.08,  1.28]])
Final k values:
array([[ 0.03,  0.05,  0.09,  0.06,  0.13,  0.02,  0.12,  0.02,  0.06],
       [ 0.08,  0.21,  0.26,  0.24,  1.  ,  0.13,  0.71,  0.19,  0.08],
       [ 0.16,  0.31,  0.6 ,  0.5 ,  1.58,  0.2 ,  1.3 ,  0.41,  0.12],
       [ 0.4 ,  0.45,  0.77,  0.78,  2.02,  0.36,  1.49,  0.42,  0.63]])
Final tR values:
array([[ 1.16,  0.87,  0.85,  0.25,  0.17,  0.31,  0.26,  0.22,  0.31],
       [ 1.15,  0.93,  0.59,  0.36,  0.31,  0.37,  0.42,  0.38,  0.27],
       [ 1.23,  0.83,  0.6 ,  0.4 ,  0.31,  0.45,  0.53,  0.49,  0.4 ],
       [ 0.37,  0.45,  0.31,  0.27,  0.  ,  0.27,  0.3 ,  0.42,  0.08]])
Final log-likelihood values:
array([-30.5 , -23.99, -33.32, -29.59, -31.97, -41.8 , -26.3 , -37.25,
       -48.99])

Final PC values:
Sub01:
array([[[ 0.5 ,  0.51,  0.5 ,  0.5 ,  0.5 ,  0.5 ,  0.5 ,  0.5 ,  0.51],
        [ 0.53,  0.54,  0.55,  0.53,  0.53,  0.51,  0.53,  0.51,  0.51],
        [ 0.57,  0.6 ,  0.61,  0.57,  0.56,  0.55,  0.57,  0.55,  0.58],
        [ 0.57,  0.61,  0.64,  0.59,  0.56,  0.56,  0.59,  0.56,  0.59]],

       [[ 0.51,  0.54,  0.51,  0.52,  0.52,  0.52,  0.52,  0.52,  0.51],
        [ 0.58,  0.69,  0.63,  0.62,  0.73,  0.55,  0.67,  0.56,  0.52],
        [ 0.69,  0.87,  0.8 ,  0.77,  0.85,  0.75,  0.84,  0.81,  0.6 ],
        [ 0.7 ,  0.89,  0.84,  0.81,  0.86,  0.79,  0.9 ,  0.88,  0.61]],

       [[ 0.52,  0.56,  0.52,  0.54,  0.53,  0.53,  0.54,  0.53,  0.51],
        [ 0.65,  0.77,  0.76,  0.73,  0.82,  0.57,  0.79,  0.62,  0.53],
        [ 0.83,  0.95,  0.95,  0.93,  0.94,  0.84,  0.95,  0.96,  0.64],
        [ 0.84,  0.96,  0.97,  0.96,  0.95,  0.89,  0.98,  0.99,  0.66]],

       [[ 0.55,  0.58,  0.53,  0.57,  0.54,  0.55,  0.54,  0.53,  0.56],
        [ 0.85,  0.85,  0.82,  0.86,  0.91,  0.64,  0.83,  0.62,  0.67],
        [ 0.99,  0.98,  0.98,  0.99,  0.99,  0.97,  0.97,  0.96,  0.98],
        [ 0.99,  0.99,  0.99,  1.  ,  0.99,  0.98,  0.99,  0.99,  0.98]]])
Sub02:
array([[[ 0.5 ,  0.51,  0.5 ,  0.5 ,  0.5 ,  0.5 ,  0.5 ,  0.5 ,  0.51],
        [ 0.53,  0.54,  0.55,  0.53,  0.53,  0.51,  0.53,  0.51,  0.51],
        [ 0.57,  0.6 ,  0.61,  0.57,  0.56,  0.55,  0.57,  0.55,  0.58],
        [ 0.57,  0.61,  0.64,  0.59,  0.56,  0.56,  0.59,  0.56,  0.59]],

       [[ 0.51,  0.54,  0.51,  0.52,  0.52,  0.52,  0.52,  0.52,  0.51],
        [ 0.58,  0.69,  0.63,  0.62,  0.73,  0.55,  0.67,  0.56,  0.52],
        [ 0.69,  0.87,  0.8 ,  0.77,  0.85,  0.75,  0.84,  0.81,  0.6 ],
        [ 0.7 ,  0.89,  0.84,  0.81,  0.86,  0.79,  0.9 ,  0.88,  0.61]],

       [[ 0.52,  0.56,  0.52,  0.54,  0.53,  0.53,  0.54,  0.53,  0.51],
        [ 0.65,  0.77,  0.76,  0.73,  0.82,  0.57,  0.79,  0.62,  0.53],
        [ 0.83,  0.95,  0.95,  0.93,  0.94,  0.84,  0.95,  0.96,  0.64],
        [ 0.84,  0.96,  0.97,  0.96,  0.95,  0.89,  0.98,  0.99,  0.66]],

       [[ 0.55,  0.58,  0.53,  0.57,  0.54,  0.55,  0.54,  0.53,  0.56],
        [ 0.85,  0.85,  0.82,  0.86,  0.91,  0.64,  0.83,  0.62,  0.67],
        [ 0.99,  0.98,  0.98,  0.99,  0.99,  0.97,  0.97,  0.96,  0.98],
        [ 0.99,  0.99,  0.99,  1.  ,  0.99,  0.98,  0.99,  0.99,  0.98]]])
Sub04:
array([[[ 0.5 ,  0.51,  0.5 ,  0.5 ,  0.5 ,  0.5 ,  0.5 ,  0.5 ,  0.51],
        [ 0.53,  0.54,  0.55,  0.53,  0.53,  0.51,  0.53,  0.51,  0.51],
        [ 0.57,  0.6 ,  0.61,  0.57,  0.56,  0.55,  0.57,  0.55,  0.58],
        [ 0.57,  0.61,  0.64,  0.59,  0.56,  0.56,  0.59,  0.56,  0.59]],

       [[ 0.51,  0.54,  0.51,  0.52,  0.52,  0.52,  0.52,  0.52,  0.51],
        [ 0.58,  0.69,  0.63,  0.62,  0.73,  0.55,  0.67,  0.56,  0.52],
        [ 0.69,  0.87,  0.8 ,  0.77,  0.85,  0.75,  0.84,  0.81,  0.6 ],
        [ 0.7 ,  0.89,  0.84,  0.81,  0.86,  0.79,  0.9 ,  0.88,  0.61]],

       [[ 0.52,  0.56,  0.52,  0.54,  0.53,  0.53,  0.54,  0.53,  0.51],
        [ 0.65,  0.77,  0.76,  0.73,  0.82,  0.57,  0.79,  0.62,  0.53],
        [ 0.83,  0.95,  0.95,  0.93,  0.94,  0.84,  0.95,  0.96,  0.64],
        [ 0.84,  0.96,  0.97,  0.96,  0.95,  0.89,  0.98,  0.99,  0.66]],

       [[ 0.55,  0.58,  0.53,  0.57,  0.54,  0.55,  0.54,  0.53,  0.56],
        [ 0.85,  0.85,  0.82,  0.86,  0.91,  0.64,  0.83,  0.62,  0.67],
        [ 0.99,  0.98,  0.98,  0.99,  0.99,  0.97,  0.97,  0.96,  0.98],
        [ 0.99,  0.99,  0.99,  1.  ,  0.99,  0.98,  0.99,  0.99,  0.98]]])
Sub05:
array([[[ 0.5 ,  0.51,  0.5 ,  0.5 ,  0.5 ,  0.5 ,  0.5 ,  0.5 ,  0.51],
        [ 0.53,  0.54,  0.55,  0.53,  0.53,  0.51,  0.53,  0.51,  0.51],
        [ 0.57,  0.6 ,  0.61,  0.57,  0.56,  0.55,  0.57,  0.55,  0.58],
        [ 0.57,  0.61,  0.64,  0.59,  0.56,  0.56,  0.59,  0.56,  0.59]],

       [[ 0.51,  0.54,  0.51,  0.52,  0.52,  0.52,  0.52,  0.52,  0.51],
        [ 0.58,  0.69,  0.63,  0.62,  0.73,  0.55,  0.67,  0.56,  0.52],
        [ 0.69,  0.87,  0.8 ,  0.77,  0.85,  0.75,  0.84,  0.81,  0.6 ],
        [ 0.7 ,  0.89,  0.84,  0.81,  0.86,  0.79,  0.9 ,  0.88,  0.61]],

       [[ 0.52,  0.56,  0.52,  0.54,  0.53,  0.53,  0.54,  0.53,  0.51],
        [ 0.65,  0.77,  0.76,  0.73,  0.82,  0.57,  0.79,  0.62,  0.53],
        [ 0.83,  0.95,  0.95,  0.93,  0.94,  0.84,  0.95,  0.96,  0.64],
        [ 0.84,  0.96,  0.97,  0.96,  0.95,  0.89,  0.98,  0.99,  0.66]],

       [[ 0.55,  0.58,  0.53,  0.57,  0.54,  0.55,  0.54,  0.53,  0.56],
        [ 0.85,  0.85,  0.82,  0.86,  0.91,  0.64,  0.83,  0.62,  0.67],
        [ 0.99,  0.98,  0.98,  0.99,  0.99,  0.97,  0.97,  0.96,  0.98],
        [ 0.99,  0.99,  0.99,  1.  ,  0.99,  0.98,  0.99,  0.99,  0.98]]])
Sub06:
array([[[ 0.5 ,  0.51,  0.5 ,  0.5 ,  0.5 ,  0.5 ,  0.5 ,  0.5 ,  0.51],
        [ 0.53,  0.54,  0.55,  0.53,  0.53,  0.51,  0.53,  0.51,  0.51],
        [ 0.57,  0.6 ,  0.61,  0.57,  0.56,  0.55,  0.57,  0.55,  0.58],
        [ 0.57,  0.61,  0.64,  0.59,  0.56,  0.56,  0.59,  0.56,  0.59]],

       [[ 0.51,  0.54,  0.51,  0.52,  0.52,  0.52,  0.52,  0.52,  0.51],
        [ 0.58,  0.69,  0.63,  0.62,  0.73,  0.55,  0.67,  0.56,  0.52],
        [ 0.69,  0.87,  0.8 ,  0.77,  0.85,  0.75,  0.84,  0.81,  0.6 ],
        [ 0.7 ,  0.89,  0.84,  0.81,  0.86,  0.79,  0.9 ,  0.88,  0.61]],

       [[ 0.52,  0.56,  0.52,  0.54,  0.53,  0.53,  0.54,  0.53,  0.51],
        [ 0.65,  0.77,  0.76,  0.73,  0.82,  0.57,  0.79,  0.62,  0.53],
        [ 0.83,  0.95,  0.95,  0.93,  0.94,  0.84,  0.95,  0.96,  0.64],
        [ 0.84,  0.96,  0.97,  0.96,  0.95,  0.89,  0.98,  0.99,  0.66]],

       [[ 0.55,  0.58,  0.53,  0.57,  0.54,  0.55,  0.54,  0.53,  0.56],
        [ 0.85,  0.85,  0.82,  0.86,  0.91,  0.64,  0.83,  0.62,  0.67],
        [ 0.99,  0.98,  0.98,  0.99,  0.99,  0.97,  0.97,  0.96,  0.98],
        [ 0.99,  0.99,  0.99,  1.  ,  0.99,  0.98,  0.99,  0.99,  0.98]]])
Sub08:
array([[[ 0.5 ,  0.51,  0.5 ,  0.5 ,  0.5 ,  0.5 ,  0.5 ,  0.5 ,  0.51],
        [ 0.53,  0.54,  0.55,  0.53,  0.53,  0.51,  0.53,  0.51,  0.51],
        [ 0.57,  0.6 ,  0.61,  0.57,  0.56,  0.55,  0.57,  0.55,  0.58],
        [ 0.57,  0.61,  0.64,  0.59,  0.56,  0.56,  0.59,  0.56,  0.59]],

       [[ 0.51,  0.54,  0.51,  0.52,  0.52,  0.52,  0.52,  0.52,  0.51],
        [ 0.58,  0.69,  0.63,  0.62,  0.73,  0.55,  0.67,  0.56,  0.52],
        [ 0.69,  0.87,  0.8 ,  0.77,  0.85,  0.75,  0.84,  0.81,  0.6 ],
        [ 0.7 ,  0.89,  0.84,  0.81,  0.86,  0.79,  0.9 ,  0.88,  0.61]],

       [[ 0.52,  0.56,  0.52,  0.54,  0.53,  0.53,  0.54,  0.53,  0.51],
        [ 0.65,  0.77,  0.76,  0.73,  0.82,  0.57,  0.79,  0.62,  0.53],
        [ 0.83,  0.95,  0.95,  0.93,  0.94,  0.84,  0.95,  0.96,  0.64],
        [ 0.84,  0.96,  0.97,  0.96,  0.95,  0.89,  0.98,  0.99,  0.66]],

       [[ 0.55,  0.58,  0.53,  0.57,  0.54,  0.55,  0.54,  0.53,  0.56],
        [ 0.85,  0.85,  0.82,  0.86,  0.91,  0.64,  0.83,  0.62,  0.67],
        [ 0.99,  0.98,  0.98,  0.99,  0.99,  0.97,  0.97,  0.96,  0.98],
        [ 0.99,  0.99,  0.99,  1.  ,  0.99,  0.98,  0.99,  0.99,  0.98]]])
Sub10:
array([[[ 0.5 ,  0.51,  0.5 ,  0.5 ,  0.5 ,  0.5 ,  0.5 ,  0.5 ,  0.51],
        [ 0.53,  0.54,  0.55,  0.53,  0.53,  0.51,  0.53,  0.51,  0.51],
        [ 0.57,  0.6 ,  0.61,  0.57,  0.56,  0.55,  0.57,  0.55,  0.58],
        [ 0.57,  0.61,  0.64,  0.59,  0.56,  0.56,  0.59,  0.56,  0.59]],

       [[ 0.51,  0.54,  0.51,  0.52,  0.52,  0.52,  0.52,  0.52,  0.51],
        [ 0.58,  0.69,  0.63,  0.62,  0.73,  0.55,  0.67,  0.56,  0.52],
        [ 0.69,  0.87,  0.8 ,  0.77,  0.85,  0.75,  0.84,  0.81,  0.6 ],
        [ 0.7 ,  0.89,  0.84,  0.81,  0.86,  0.79,  0.9 ,  0.88,  0.61]],

       [[ 0.52,  0.56,  0.52,  0.54,  0.53,  0.53,  0.54,  0.53,  0.51],
        [ 0.65,  0.77,  0.76,  0.73,  0.82,  0.57,  0.79,  0.62,  0.53],
        [ 0.83,  0.95,  0.95,  0.93,  0.94,  0.84,  0.95,  0.96,  0.64],
        [ 0.84,  0.96,  0.97,  0.96,  0.95,  0.89,  0.98,  0.99,  0.66]],

       [[ 0.55,  0.58,  0.53,  0.57,  0.54,  0.55,  0.54,  0.53,  0.56],
        [ 0.85,  0.85,  0.82,  0.86,  0.91,  0.64,  0.83,  0.62,  0.67],
        [ 0.99,  0.98,  0.98,  0.99,  0.99,  0.97,  0.97,  0.96,  0.98],
        [ 0.99,  0.99,  0.99,  1.  ,  0.99,  0.98,  0.99,  0.99,  0.98]]])
Sub11:
array([[[ 0.5 ,  0.51,  0.5 ,  0.5 ,  0.5 ,  0.5 ,  0.5 ,  0.5 ,  0.51],
        [ 0.53,  0.54,  0.55,  0.53,  0.53,  0.51,  0.53,  0.51,  0.51],
        [ 0.57,  0.6 ,  0.61,  0.57,  0.56,  0.55,  0.57,  0.55,  0.58],
        [ 0.57,  0.61,  0.64,  0.59,  0.56,  0.56,  0.59,  0.56,  0.59]],

       [[ 0.51,  0.54,  0.51,  0.52,  0.52,  0.52,  0.52,  0.52,  0.51],
        [ 0.58,  0.69,  0.63,  0.62,  0.73,  0.55,  0.67,  0.56,  0.52],
        [ 0.69,  0.87,  0.8 ,  0.77,  0.85,  0.75,  0.84,  0.81,  0.6 ],
        [ 0.7 ,  0.89,  0.84,  0.81,  0.86,  0.79,  0.9 ,  0.88,  0.61]],

       [[ 0.52,  0.56,  0.52,  0.54,  0.53,  0.53,  0.54,  0.53,  0.51],
        [ 0.65,  0.77,  0.76,  0.73,  0.82,  0.57,  0.79,  0.62,  0.53],
        [ 0.83,  0.95,  0.95,  0.93,  0.94,  0.84,  0.95,  0.96,  0.64],
        [ 0.84,  0.96,  0.97,  0.96,  0.95,  0.89,  0.98,  0.99,  0.66]],

       [[ 0.55,  0.58,  0.53,  0.57,  0.54,  0.55,  0.54,  0.53,  0.56],
        [ 0.85,  0.85,  0.82,  0.86,  0.91,  0.64,  0.83,  0.62,  0.67],
        [ 0.99,  0.98,  0.98,  0.99,  0.99,  0.97,  0.97,  0.96,  0.98],
        [ 0.99,  0.99,  0.99,  1.  ,  0.99,  0.98,  0.99,  0.99,  0.98]]])
Sub13:
array([[[ 0.5 ,  0.51,  0.5 ,  0.5 ,  0.5 ,  0.5 ,  0.5 ,  0.5 ,  0.51],
        [ 0.53,  0.54,  0.55,  0.53,  0.53,  0.51,  0.53,  0.51,  0.51],
        [ 0.57,  0.6 ,  0.61,  0.57,  0.56,  0.55,  0.57,  0.55,  0.58],
        [ 0.57,  0.61,  0.64,  0.59,  0.56,  0.56,  0.59,  0.56,  0.59]],

       [[ 0.51,  0.54,  0.51,  0.52,  0.52,  0.52,  0.52,  0.52,  0.51],
        [ 0.58,  0.69,  0.63,  0.62,  0.73,  0.55,  0.67,  0.56,  0.52],
        [ 0.69,  0.87,  0.8 ,  0.77,  0.85,  0.75,  0.84,  0.81,  0.6 ],
        [ 0.7 ,  0.89,  0.84,  0.81,  0.86,  0.79,  0.9 ,  0.88,  0.61]],

       [[ 0.52,  0.56,  0.52,  0.54,  0.53,  0.53,  0.54,  0.53,  0.51],
        [ 0.65,  0.77,  0.76,  0.73,  0.82,  0.57,  0.79,  0.62,  0.53],
        [ 0.83,  0.95,  0.95,  0.93,  0.94,  0.84,  0.95,  0.96,  0.64],
        [ 0.84,  0.96,  0.97,  0.96,  0.95,  0.89,  0.98,  0.99,  0.66]],

       [[ 0.55,  0.58,  0.53,  0.57,  0.54,  0.55,  0.54,  0.53,  0.56],
        [ 0.85,  0.85,  0.82,  0.86,  0.91,  0.64,  0.83,  0.62,  0.67],
        [ 0.99,  0.98,  0.98,  0.99,  0.99,  0.97,  0.97,  0.96,  0.98],
        [ 0.99,  0.99,  0.99,  1.  ,  0.99,  0.98,  0.99,  0.99,  0.98]]])

Final RT values:
Sub01:
array([[[ 2.2 ,  2.05,  2.03,  1.43,  1.34,  1.49,  1.44,  1.4 ,  1.49],
        [ 2.2 ,  2.04,  2.03,  1.43,  1.34,  1.49,  1.43,  1.4 ,  1.49],
        [ 2.2 ,  2.03,  2.01,  1.42,  1.34,  1.48,  1.43,  1.39,  1.48],
        [ 2.2 ,  2.02,  2.  ,  1.41,  1.34,  1.48,  1.42,  1.39,  1.48]],

       [[ 2.25,  2.08,  2.02,  1.54,  1.49,  1.55,  1.59,  1.56,  1.44],
        [ 2.24,  2.03,  1.98,  1.52,  1.4 ,  1.55,  1.55,  1.55,  1.44],
        [ 2.19,  1.83,  1.83,  1.42,  1.26,  1.45,  1.38,  1.39,  1.43],
        [ 2.19,  1.79,  1.76,  1.37,  1.25,  1.4 ,  1.27,  1.28,  1.42]],

       [[ 2.33,  2.01,  1.78,  1.57,  1.49,  1.62,  1.7 ,  1.67,  1.57],
        [ 2.29,  1.89,  1.66,  1.48,  1.3 ,  1.61,  1.56,  1.64,  1.57],
        [ 2.15,  1.57,  1.33,  1.19,  1.06,  1.4 ,  1.24,  1.19,  1.54],
        [ 2.13,  1.51,  1.22,  1.09,  1.05,  1.33,  1.09,  1.03,  1.53]],

       [[ 1.66,  1.61,  1.59,  1.85,  1.64,  1.71,  1.58,  1.6 ,  1.71],
        [ 1.42,  1.4 ,  1.39,  1.53,  1.16,  1.68,  1.37,  1.57,  1.65],
        [ 0.96,  1.  ,  0.95,  0.95,  0.76,  1.06,  0.97,  1.1 ,  0.93],
        [ 0.94,  0.95,  0.84,  0.83,  0.74,  0.94,  0.82,  0.94,  0.85]]])
Sub02:
array([[[ 2.2 ,  2.05,  2.03,  1.43,  1.34,  1.49,  1.44,  1.4 ,  1.49],
        [ 2.2 ,  2.04,  2.03,  1.43,  1.34,  1.49,  1.43,  1.4 ,  1.49],
        [ 2.2 ,  2.03,  2.01,  1.42,  1.34,  1.48,  1.43,  1.39,  1.48],
        [ 2.2 ,  2.02,  2.  ,  1.41,  1.34,  1.48,  1.42,  1.39,  1.48]],

       [[ 2.25,  2.08,  2.02,  1.54,  1.49,  1.55,  1.59,  1.56,  1.44],
        [ 2.24,  2.03,  1.98,  1.52,  1.4 ,  1.55,  1.55,  1.55,  1.44],
        [ 2.19,  1.83,  1.83,  1.42,  1.26,  1.45,  1.38,  1.39,  1.43],
        [ 2.19,  1.79,  1.76,  1.37,  1.25,  1.4 ,  1.27,  1.28,  1.42]],

       [[ 2.33,  2.01,  1.78,  1.57,  1.49,  1.62,  1.7 ,  1.67,  1.57],
        [ 2.29,  1.89,  1.66,  1.48,  1.3 ,  1.61,  1.56,  1.64,  1.57],
        [ 2.15,  1.57,  1.33,  1.19,  1.06,  1.4 ,  1.24,  1.19,  1.54],
        [ 2.13,  1.51,  1.22,  1.09,  1.05,  1.33,  1.09,  1.03,  1.53]],

       [[ 1.66,  1.61,  1.59,  1.85,  1.64,  1.71,  1.58,  1.6 ,  1.71],
        [ 1.42,  1.4 ,  1.39,  1.53,  1.16,  1.68,  1.37,  1.57,  1.65],
        [ 0.96,  1.  ,  0.95,  0.95,  0.76,  1.06,  0.97,  1.1 ,  0.93],
        [ 0.94,  0.95,  0.84,  0.83,  0.74,  0.94,  0.82,  0.94,  0.85]]])
Sub04:
array([[[ 2.2 ,  2.05,  2.03,  1.43,  1.34,  1.49,  1.44,  1.4 ,  1.49],
        [ 2.2 ,  2.04,  2.03,  1.43,  1.34,  1.49,  1.43,  1.4 ,  1.49],
        [ 2.2 ,  2.03,  2.01,  1.42,  1.34,  1.48,  1.43,  1.39,  1.48],
        [ 2.2 ,  2.02,  2.  ,  1.41,  1.34,  1.48,  1.42,  1.39,  1.48]],

       [[ 2.25,  2.08,  2.02,  1.54,  1.49,  1.55,  1.59,  1.56,  1.44],
        [ 2.24,  2.03,  1.98,  1.52,  1.4 ,  1.55,  1.55,  1.55,  1.44],
        [ 2.19,  1.83,  1.83,  1.42,  1.26,  1.45,  1.38,  1.39,  1.43],
        [ 2.19,  1.79,  1.76,  1.37,  1.25,  1.4 ,  1.27,  1.28,  1.42]],

       [[ 2.33,  2.01,  1.78,  1.57,  1.49,  1.62,  1.7 ,  1.67,  1.57],
        [ 2.29,  1.89,  1.66,  1.48,  1.3 ,  1.61,  1.56,  1.64,  1.57],
        [ 2.15,  1.57,  1.33,  1.19,  1.06,  1.4 ,  1.24,  1.19,  1.54],
        [ 2.13,  1.51,  1.22,  1.09,  1.05,  1.33,  1.09,  1.03,  1.53]],

       [[ 1.66,  1.61,  1.59,  1.85,  1.64,  1.71,  1.58,  1.6 ,  1.71],
        [ 1.42,  1.4 ,  1.39,  1.53,  1.16,  1.68,  1.37,  1.57,  1.65],
        [ 0.96,  1.  ,  0.95,  0.95,  0.76,  1.06,  0.97,  1.1 ,  0.93],
        [ 0.94,  0.95,  0.84,  0.83,  0.74,  0.94,  0.82,  0.94,  0.85]]])
Sub05:
array([[[ 2.2 ,  2.05,  2.03,  1.43,  1.34,  1.49,  1.44,  1.4 ,  1.49],
        [ 2.2 ,  2.04,  2.03,  1.43,  1.34,  1.49,  1.43,  1.4 ,  1.49],
        [ 2.2 ,  2.03,  2.01,  1.42,  1.34,  1.48,  1.43,  1.39,  1.48],
        [ 2.2 ,  2.02,  2.  ,  1.41,  1.34,  1.48,  1.42,  1.39,  1.48]],

       [[ 2.25,  2.08,  2.02,  1.54,  1.49,  1.55,  1.59,  1.56,  1.44],
        [ 2.24,  2.03,  1.98,  1.52,  1.4 ,  1.55,  1.55,  1.55,  1.44],
        [ 2.19,  1.83,  1.83,  1.42,  1.26,  1.45,  1.38,  1.39,  1.43],
        [ 2.19,  1.79,  1.76,  1.37,  1.25,  1.4 ,  1.27,  1.28,  1.42]],

       [[ 2.33,  2.01,  1.78,  1.57,  1.49,  1.62,  1.7 ,  1.67,  1.57],
        [ 2.29,  1.89,  1.66,  1.48,  1.3 ,  1.61,  1.56,  1.64,  1.57],
        [ 2.15,  1.57,  1.33,  1.19,  1.06,  1.4 ,  1.24,  1.19,  1.54],
        [ 2.13,  1.51,  1.22,  1.09,  1.05,  1.33,  1.09,  1.03,  1.53]],

       [[ 1.66,  1.61,  1.59,  1.85,  1.64,  1.71,  1.58,  1.6 ,  1.71],
        [ 1.42,  1.4 ,  1.39,  1.53,  1.16,  1.68,  1.37,  1.57,  1.65],
        [ 0.96,  1.  ,  0.95,  0.95,  0.76,  1.06,  0.97,  1.1 ,  0.93],
        [ 0.94,  0.95,  0.84,  0.83,  0.74,  0.94,  0.82,  0.94,  0.85]]])
Sub06:
array([[[ 2.2 ,  2.05,  2.03,  1.43,  1.34,  1.49,  1.44,  1.4 ,  1.49],
        [ 2.2 ,  2.04,  2.03,  1.43,  1.34,  1.49,  1.43,  1.4 ,  1.49],
        [ 2.2 ,  2.03,  2.01,  1.42,  1.34,  1.48,  1.43,  1.39,  1.48],
        [ 2.2 ,  2.02,  2.  ,  1.41,  1.34,  1.48,  1.42,  1.39,  1.48]],

       [[ 2.25,  2.08,  2.02,  1.54,  1.49,  1.55,  1.59,  1.56,  1.44],
        [ 2.24,  2.03,  1.98,  1.52,  1.4 ,  1.55,  1.55,  1.55,  1.44],
        [ 2.19,  1.83,  1.83,  1.42,  1.26,  1.45,  1.38,  1.39,  1.43],
        [ 2.19,  1.79,  1.76,  1.37,  1.25,  1.4 ,  1.27,  1.28,  1.42]],

       [[ 2.33,  2.01,  1.78,  1.57,  1.49,  1.62,  1.7 ,  1.67,  1.57],
        [ 2.29,  1.89,  1.66,  1.48,  1.3 ,  1.61,  1.56,  1.64,  1.57],
        [ 2.15,  1.57,  1.33,  1.19,  1.06,  1.4 ,  1.24,  1.19,  1.54],
        [ 2.13,  1.51,  1.22,  1.09,  1.05,  1.33,  1.09,  1.03,  1.53]],

       [[ 1.66,  1.61,  1.59,  1.85,  1.64,  1.71,  1.58,  1.6 ,  1.71],
        [ 1.42,  1.4 ,  1.39,  1.53,  1.16,  1.68,  1.37,  1.57,  1.65],
        [ 0.96,  1.  ,  0.95,  0.95,  0.76,  1.06,  0.97,  1.1 ,  0.93],
        [ 0.94,  0.95,  0.84,  0.83,  0.74,  0.94,  0.82,  0.94,  0.85]]])
Sub08:
array([[[ 2.2 ,  2.05,  2.03,  1.43,  1.34,  1.49,  1.44,  1.4 ,  1.49],
        [ 2.2 ,  2.04,  2.03,  1.43,  1.34,  1.49,  1.43,  1.4 ,  1.49],
        [ 2.2 ,  2.03,  2.01,  1.42,  1.34,  1.48,  1.43,  1.39,  1.48],
        [ 2.2 ,  2.02,  2.  ,  1.41,  1.34,  1.48,  1.42,  1.39,  1.48]],

       [[ 2.25,  2.08,  2.02,  1.54,  1.49,  1.55,  1.59,  1.56,  1.44],
        [ 2.24,  2.03,  1.98,  1.52,  1.4 ,  1.55,  1.55,  1.55,  1.44],
        [ 2.19,  1.83,  1.83,  1.42,  1.26,  1.45,  1.38,  1.39,  1.43],
        [ 2.19,  1.79,  1.76,  1.37,  1.25,  1.4 ,  1.27,  1.28,  1.42]],

       [[ 2.33,  2.01,  1.78,  1.57,  1.49,  1.62,  1.7 ,  1.67,  1.57],
        [ 2.29,  1.89,  1.66,  1.48,  1.3 ,  1.61,  1.56,  1.64,  1.57],
        [ 2.15,  1.57,  1.33,  1.19,  1.06,  1.4 ,  1.24,  1.19,  1.54],
        [ 2.13,  1.51,  1.22,  1.09,  1.05,  1.33,  1.09,  1.03,  1.53]],

       [[ 1.66,  1.61,  1.59,  1.85,  1.64,  1.71,  1.58,  1.6 ,  1.71],
        [ 1.42,  1.4 ,  1.39,  1.53,  1.16,  1.68,  1.37,  1.57,  1.65],
        [ 0.96,  1.  ,  0.95,  0.95,  0.76,  1.06,  0.97,  1.1 ,  0.93],
        [ 0.94,  0.95,  0.84,  0.83,  0.74,  0.94,  0.82,  0.94,  0.85]]])
Sub10:
array([[[ 2.2 ,  2.05,  2.03,  1.43,  1.34,  1.49,  1.44,  1.4 ,  1.49],
        [ 2.2 ,  2.04,  2.03,  1.43,  1.34,  1.49,  1.43,  1.4 ,  1.49],
        [ 2.2 ,  2.03,  2.01,  1.42,  1.34,  1.48,  1.43,  1.39,  1.48],
        [ 2.2 ,  2.02,  2.  ,  1.41,  1.34,  1.48,  1.42,  1.39,  1.48]],

       [[ 2.25,  2.08,  2.02,  1.54,  1.49,  1.55,  1.59,  1.56,  1.44],
        [ 2.24,  2.03,  1.98,  1.52,  1.4 ,  1.55,  1.55,  1.55,  1.44],
        [ 2.19,  1.83,  1.83,  1.42,  1.26,  1.45,  1.38,  1.39,  1.43],
        [ 2.19,  1.79,  1.76,  1.37,  1.25,  1.4 ,  1.27,  1.28,  1.42]],

       [[ 2.33,  2.01,  1.78,  1.57,  1.49,  1.62,  1.7 ,  1.67,  1.57],
        [ 2.29,  1.89,  1.66,  1.48,  1.3 ,  1.61,  1.56,  1.64,  1.57],
        [ 2.15,  1.57,  1.33,  1.19,  1.06,  1.4 ,  1.24,  1.19,  1.54],
        [ 2.13,  1.51,  1.22,  1.09,  1.05,  1.33,  1.09,  1.03,  1.53]],

       [[ 1.66,  1.61,  1.59,  1.85,  1.64,  1.71,  1.58,  1.6 ,  1.71],
        [ 1.42,  1.4 ,  1.39,  1.53,  1.16,  1.68,  1.37,  1.57,  1.65],
        [ 0.96,  1.  ,  0.95,  0.95,  0.76,  1.06,  0.97,  1.1 ,  0.93],
        [ 0.94,  0.95,  0.84,  0.83,  0.74,  0.94,  0.82,  0.94,  0.85]]])
Sub11:
array([[[ 2.2 ,  2.05,  2.03,  1.43,  1.34,  1.49,  1.44,  1.4 ,  1.49],
        [ 2.2 ,  2.04,  2.03,  1.43,  1.34,  1.49,  1.43,  1.4 ,  1.49],
        [ 2.2 ,  2.03,  2.01,  1.42,  1.34,  1.48,  1.43,  1.39,  1.48],
        [ 2.2 ,  2.02,  2.  ,  1.41,  1.34,  1.48,  1.42,  1.39,  1.48]],

       [[ 2.25,  2.08,  2.02,  1.54,  1.49,  1.55,  1.59,  1.56,  1.44],
        [ 2.24,  2.03,  1.98,  1.52,  1.4 ,  1.55,  1.55,  1.55,  1.44],
        [ 2.19,  1.83,  1.83,  1.42,  1.26,  1.45,  1.38,  1.39,  1.43],
        [ 2.19,  1.79,  1.76,  1.37,  1.25,  1.4 ,  1.27,  1.28,  1.42]],

       [[ 2.33,  2.01,  1.78,  1.57,  1.49,  1.62,  1.7 ,  1.67,  1.57],
        [ 2.29,  1.89,  1.66,  1.48,  1.3 ,  1.61,  1.56,  1.64,  1.57],
        [ 2.15,  1.57,  1.33,  1.19,  1.06,  1.4 ,  1.24,  1.19,  1.54],
        [ 2.13,  1.51,  1.22,  1.09,  1.05,  1.33,  1.09,  1.03,  1.53]],

       [[ 1.66,  1.61,  1.59,  1.85,  1.64,  1.71,  1.58,  1.6 ,  1.71],
        [ 1.42,  1.4 ,  1.39,  1.53,  1.16,  1.68,  1.37,  1.57,  1.65],
        [ 0.96,  1.  ,  0.95,  0.95,  0.76,  1.06,  0.97,  1.1 ,  0.93],
        [ 0.94,  0.95,  0.84,  0.83,  0.74,  0.94,  0.82,  0.94,  0.85]]])
Sub13:
array([[[ 2.2 ,  2.05,  2.03,  1.43,  1.34,  1.49,  1.44,  1.4 ,  1.49],
        [ 2.2 ,  2.04,  2.03,  1.43,  1.34,  1.49,  1.43,  1.4 ,  1.49],
        [ 2.2 ,  2.03,  2.01,  1.42,  1.34,  1.48,  1.43,  1.39,  1.48],
        [ 2.2 ,  2.02,  2.  ,  1.41,  1.34,  1.48,  1.42,  1.39,  1.48]],

       [[ 2.25,  2.08,  2.02,  1.54,  1.49,  1.55,  1.59,  1.56,  1.44],
        [ 2.24,  2.03,  1.98,  1.52,  1.4 ,  1.55,  1.55,  1.55,  1.44],
        [ 2.19,  1.83,  1.83,  1.42,  1.26,  1.45,  1.38,  1.39,  1.43],
        [ 2.19,  1.79,  1.76,  1.37,  1.25,  1.4 ,  1.27,  1.28,  1.42]],

       [[ 2.33,  2.01,  1.78,  1.57,  1.49,  1.62,  1.7 ,  1.67,  1.57],
        [ 2.29,  1.89,  1.66,  1.48,  1.3 ,  1.61,  1.56,  1.64,  1.57],
        [ 2.15,  1.57,  1.33,  1.19,  1.06,  1.4 ,  1.24,  1.19,  1.54],
        [ 2.13,  1.51,  1.22,  1.09,  1.05,  1.33,  1.09,  1.03,  1.53]],

       [[ 1.66,  1.61,  1.59,  1.85,  1.64,  1.71,  1.58,  1.6 ,  1.71],
        [ 1.42,  1.4 ,  1.39,  1.53,  1.16,  1.68,  1.37,  1.57,  1.65],
        [ 0.96,  1.  ,  0.95,  0.95,  0.76,  1.06,  0.97,  1.1 ,  0.93],
        [ 0.94,  0.95,  0.84,  0.83,  0.74,  0.94,  0.82,  0.94,  0.85]]])
