Final A values:
array([ 1.52,  1.12,  1.32,  1.12,  1.12,  1.08,  1.12,  1.12,  1.06])
Final k values:
array([ 0.67,  1.53,  0.66,  0.88,  0.75,  0.87,  0.92,  0.92,  0.89])
Final tR values:
array([ 0.16,  0.81,  0.22,  0.32,  0.18,  0.37,  0.29,  0.31,  0.35])
Final log-likelihood values:
array([-66.73, -53.42, -49.2 , -33.  , -33.29, -29.38, -33.22, -37.  ,
       -36.73])

Final PC values:
Sub01:
array([[ 0.55,  0.54,  0.56,  0.53,  0.55],
       [ 0.57,  0.56,  0.65,  0.64,  0.78],
       [ 0.53,  0.71,  0.85,  0.87,  0.91],
       [ 0.55,  0.7 ,  1.  ,  1.  ,  1.  ]])
Sub02:
array([[ 0.58,  0.53,  0.58,  0.58,  0.58],
       [ 0.53,  0.63,  0.87,  0.87,  0.83],
       [ 0.56,  0.67,  0.95,  0.95,  0.92],
       [ 0.54,  0.58,  1.  ,  1.  ,  1.  ]])
Sub04:
array([[ 0.57,  0.6 ,  0.57,  0.54,  0.53],
       [ 0.58,  0.56,  0.85,  0.85,  0.83],
       [ 0.55,  0.66,  0.95,  0.98,  0.97],
       [ 0.53,  0.67,  0.99,  1.  ,  1.  ]])
Sub05:
array([[ 0.6 ,  0.61,  0.57,  0.55,  0.66],
       [ 0.55,  0.59,  0.78,  0.81,  0.81],
       [ 0.6 ,  0.75,  0.94,  0.93,  0.97],
       [ 0.58,  0.76,  0.98,  0.99,  0.99]])
Sub06:
array([[ 0.55,  0.55,  0.55,  0.54,  0.6 ],
       [ 0.59,  0.67,  0.83,  0.86,  0.85],
       [ 0.55,  0.78,  0.94,  0.92,  0.95],
       [ 0.57,  0.88,  0.98,  0.98,  0.99]])
Sub08:
array([[ 0.62,  0.64,  0.54,  0.54,  0.59],
       [ 0.68,  0.69,  0.77,  0.8 ,  0.8 ],
       [ 0.57,  0.68,  0.83,  0.85,  0.88],
       [ 0.59,  0.77,  0.95,  0.98,  0.98]])
Sub10:
array([[ 0.6 ,  0.59,  0.58,  0.6 ,  0.55],
       [ 0.59,  0.68,  0.84,  0.9 ,  0.89],
       [ 0.58,  0.72,  0.95,  0.96,  0.97],
       [ 0.58,  0.82,  0.97,  0.99,  0.99]])
Sub11:
array([[ 0.59,  0.57,  0.55,  0.56,  0.6 ],
       [ 0.6 ,  0.72,  0.85,  0.89,  0.88],
       [ 0.61,  0.69,  0.96,  0.97,  0.97],
       [ 0.56,  0.75,  0.95,  0.98,  0.98]])
Sub13:
array([[ 0.59,  0.55,  0.62,  0.56,  0.59],
       [ 0.54,  0.61,  0.6 ,  0.65,  0.6 ],
       [ 0.58,  0.62,  0.64,  0.62,  0.66],
       [ 0.62,  0.88,  0.97,  0.98,  0.98]])

Final RT values:
Sub01:
array([[ 2.48,  2.48,  2.47,  2.48,  2.48],
       [ 2.47,  2.47,  2.41,  2.42,  2.22],
       [ 2.48,  2.33,  2.04,  1.95,  1.81],
       [ 2.48,  2.36,  0.98,  0.95,  0.94]])
Sub02:
array([[ 2.06,  2.07,  2.06,  2.06,  2.06],
       [ 2.07,  2.04,  1.79,  1.79,  1.85],
       [ 2.06,  2.02,  1.59,  1.57,  1.66],
       [ 2.07,  2.06,  1.04,  0.95,  0.92]])
Sub04:
array([[ 1.97,  1.96,  1.97,  1.97,  1.98],
       [ 1.96,  1.97,  1.65,  1.65,  1.68],
       [ 1.97,  1.92,  1.32,  1.13,  1.16],
       [ 1.98,  1.91,  0.96,  0.83,  0.83]])
Sub05:
array([[ 1.56,  1.55,  1.57,  1.57,  1.53],
       [ 1.57,  1.56,  1.43,  1.39,  1.39],
       [ 1.56,  1.46,  1.12,  1.15,  1.02],
       [ 1.56,  1.45,  0.96,  0.85,  0.86]])
Sub06:
array([[ 1.43,  1.43,  1.43,  1.43,  1.41],
       [ 1.42,  1.38,  1.23,  1.18,  1.19],
       [ 1.43,  1.29,  0.99,  1.03,  0.94],
       [ 1.42,  1.12,  0.79,  0.78,  0.7 ]])
Sub08:
array([[ 1.5 ,  1.5 ,  1.52,  1.52,  1.52],
       [ 1.48,  1.47,  1.41,  1.37,  1.37],
       [ 1.52,  1.48,  1.34,  1.31,  1.25],
       [ 1.52,  1.4 ,  1.08,  0.96,  0.97]])
Sub10:
array([[ 1.53,  1.54,  1.54,  1.53,  1.55],
       [ 1.54,  1.49,  1.32,  1.22,  1.22],
       [ 1.54,  1.47,  1.05,  1.  ,  0.99],
       [ 1.54,  1.36,  0.96,  0.8 ,  0.77]])
Sub11:
array([[ 1.56,  1.56,  1.57,  1.56,  1.55],
       [ 1.55,  1.49,  1.33,  1.24,  1.27],
       [ 1.55,  1.51,  1.05,  1.01,  0.98],
       [ 1.56,  1.46,  1.08,  0.91,  0.93]])
Sub13:
array([[ 1.46,  1.46,  1.45,  1.46,  1.46],
       [ 1.46,  1.45,  1.45,  1.43,  1.45],
       [ 1.46,  1.45,  1.44,  1.45,  1.43],
       [ 1.44,  1.21,  0.95,  0.89,  0.89]])
