Likelihood values and final fits of accuracy and RT under conditions of

1. Eliminating distances of 90 and 90-ID
Likelihood values
	Coherence model: 
		ll_c = [-39.61 -30.45 -31.84 -26.34 -22.35 -25.09 -23.46 -28.51 -25.43];
	Distance model:
		ll_d = [-28.68 -20.86 -24.91 -22.04 -22.95 -27.77 -23.06 -27.8  -26.05];
		
Accuracy fits
	Coherence model:
		mPCfit_c = [0.51,  0.52,  0.56; 0.54,  0.62,  0.79; 0.56,  0.69,  0.89; 0.61,  0.81,  0.97];
		mRTfit_c = [1.49,  1.6,  1.76; 1.49,  1.57,  1.55; 1.49,  1.52,  1.33; 1.47 ,  1.39,  0.99];
	Distance model:
		mPCfit_d = [0.51,  0.54,  0.6; 0.52,  0.62,  0.78; 0.54,  0.71,  0.89; 0.56,  0.81,  0.97];
		mRTfit_d = [1.66,  1.66,  1.65; 1.71,  1.68,  1.56; 1.73,  1.65,  1.38; 1.53,  1.35 ,  0.97];

		
2. Eliminating distances of 90-ID
Likelihood values
	Coherence model: 
		ll_c = [-55.99 -39.6  -40.68 -48.59 -63.32 -37.24 -30.41 -32.36 -54.28];
	Distance model:
		ll_d = [-30.84 -27.28 -34.6  -24.45 -27.01 -38.65 -30.3  -34.74 -47.91];
		
Accuracy fits
	Coherence model:
		mPCfit_c = [0.50,  0.51,  0.53 ,  0.55; 0.52,  0.57,  0.7,  0.75; 0.56,  0.66,  0.87,  0.92; 0.63,  0.83,  0.99 ,  1];
		mRTfit_c = [1.48,  1.59,  1.82,  1.99; 1.48,  1.58,  1.71,  1.79; 1.47,  1.54,  1.42,  1.33; 1.45,  1.37,  0.98,  0.86];
	Distance model:
		mPCfit_d = [0.51 ,  0.53,  0.59,  0.62; 0.52,  0.61,  0.77,  0.82; 0.53,  0.70,  0.9,  0.92; 0.55,  0.78,  0.97,  0.99];
		mRTfit_d = [1.67,  1.67,  1.66,  1.65; 1.73,  1.70,  1.58   ,  1.53; 1.77,  1.69 ,  1.40,  1.32; 1.62,  1.43 ,  0.97,  0.87];

		
3. Eliminating distances of 90
Likelihood values
	Coherence model: 
		ll_c = [-55.08 -36.8  -38.87 -35.18 -31.78 -35.9  -28.01 -35.34 -37.58];
	Distance model:
		ll_d = [-30.5  -23.99 -33.32 -29.59 -31.97 -41.8  -26.3  -37.25 -48.99];
		
Accuracy fits
	Coherence model:
		mPCfit_c = [0.50, 0.51, 0.53,  0.54; 0.54,  0.60,  0.76,  0.79; 0.56,  0.67,  0.87,  0.89; 0.63,  0.81,  0.98,  0.99];
		mRTfit_c = [1.49,  1.56,  1.76 ,  1.81; 1.48,  1.54,  1.58,  1.56; 1.48,  1.51,  1.39,  1.30; 1.46,  1.38,  0.99,  0.86];
	Distance model:
		mPCfit_d = [0.50,  0.53,  0.57,  0.59; 0.52,  0.62,  0.77,  0.81; 0.53,  0.69 ,  0.89,  0.91; 0.55,  0.78,  0.98,  0.99];
		mRTfit_d = [1.65,  1.65,  1.64,  1.64; 1.72,  1.7,  1.58 ,  1.53; 1.75 ,  1.67,  1.41,  1.33; 1.66,  1.46,  0.96,  0.87];
